,0,1,2
0,-0.028845,-0.2606,-0.00033011
1,-0.028722,-0.25912,-0.0002219
2,-0.028505,-0.25725,-0.00028533
3,-0.028493,-0.25537,-0.00016593
4,-0.028243,-0.25317,-0.00020324
5,-0.027771,-0.25061,-0.00032638
6,-0.027629,-0.24787,-0.0002219
7,-0.027374,-0.2449,-0.00019205
8,-0.02685,-0.24178,-0.00011369
9,-0.026565,-0.2388,-8.7569e-05
10,-0.026288,-0.2354,-2.4135e-05
11,-0.025869,-0.23182,-0.00012115
12,-0.025581,-0.22814,-0.00016593
13,-0.024952,-0.224,-4.6524e-05
14,-0.024379,-0.21989,-0.00012861
15,-0.024009,-0.21539,-8.0106e-05
16,-0.023514,-0.21043,9.4474e-06
17,-0.023155,-0.20544,-0.00013235
18,-0.022403,-0.20028,-0.00018459
19,-0.021732,-0.19466,1.3179e-05
20,-0.021264,-0.18888,-0.00011742
21,-0.020538,-0.18302,-0.00013235
22,-0.019928,-0.17701,-3.1598e-05
23,-0.019176,-0.17105,-0.00021071
24,-0.018427,-0.16464,2.8104e-05
25,-0.017813,-0.15818,-4.6524e-05
26,-0.017233,-0.15171,-0.00014354
27,-0.016533,-0.14506,0.00014751
28,-0.015833,-0.13864,-3.9061e-05
29,-0.01523,-0.13201,-6.1449e-05
30,-0.014358,-0.12526,4.6761e-05
31,-0.013815,-0.11862,-1.6672e-05
32,-0.013186,-0.11197,-3.9061e-05
33,-0.0124,-0.10548,-0.0001622
34,-0.01192,-0.099084,-0.00016966
35,-0.011104,-0.092765,-0.00012488
36,-0.010378,-0.08645,-6.8912e-05
37,-0.0098465,-0.080161,-6.5181e-05
38,-0.0091839,-0.074028,-0.00011742
39,-0.0086411,-0.068049,-9.8763e-05
40,-0.0080346,-0.062085,-0.000151
41,-0.0073608,-0.056117,-0.00012488
42,-0.0067356,-0.050452,-0.00019578
43,-0.0062002,-0.044705,-6.8912e-05
44,-0.0056836,-0.038931,0.00016243
45,-0.0050247,-0.033588,9.4474e-06
46,-0.0045418,-0.028225,9.4474e-06
47,-0.0041113,-0.022919,-5.7718e-05
48,-0.0036134,-0.01781,-0.00015473
49,-0.0030444,-0.012526,-4.6524e-05
50,-0.0024903,-0.0072424,-0.00010996
51,-0.0020561,-0.002205,-8.0106e-05
52,-0.0013523,0.0030901,3.5567e-05
53,-0.00097791,0.0084339,8.7807e-05
54,-0.00060729,0.013572,-3.5329e-05
55,3.6611e-05,0.018852,-0.00024056
56,0.00038851,0.02408,-0.00012488
57,0.00098,0.029469,-5.3986e-05
58,0.0015977,0.034906,-2.7867e-05
59,0.0020507,0.040321,0.00011393
60,0.0025748,0.046023,-5.4782e-06
61,0.0031326,0.051618,3.9299e-05
62,0.0037765,0.057357,-1.2941e-05
63,0.0042781,0.063378,-0.00013608
64,0.0049819,0.069495,8.4075e-05
65,0.0058055,0.075833,-6.5181e-05
66,0.0063221,0.082111,-9.8763e-05
67,0.0070147,0.08865,-1.6672e-05
68,0.0076399,0.095444,-0.00018459
69,0.0082089,0.1022,-0.00010249
70,0.0089015,0.10909,-5.0255e-05
71,0.0096689,0.11609,-6.1449e-05
72,0.010463,0.12322,-8.0106e-05
73,0.011043,0.13013,-0.00011369
74,0.011878,0.13704,1.9846e-06
75,0.012529,0.14417,-1.7468e-06
76,0.013244,0.15106,-3.5329e-05
77,0.014146,0.1578,0.00012139
78,0.014536,0.16459,-4.2792e-05
79,0.015359,0.17097,-0.00016966
80,0.016142,0.17717,6.915e-05
81,0.016613,0.18335,-0.00015473
82,0.017325,0.18896,-0.00017712
83,0.01765,0.19436,2.8104e-05
84,0.018141,0.19939,-0.00011369
85,0.018979,0.20403,9.9001e-05
86,0.019612,0.20869,0.00028557
87,0.020072,0.21281,0.00025199
88,0.020447,0.21644,0.00023706
89,0.02081,0.21985,2.0642e-05
90,0.021106,0.223,4.303e-05
91,0.021368,0.22606,0.0003005
92,0.021712,0.22886,0.00025945
93,0.022188,0.23144,0.00018855
94,0.022378,0.23385,0.00019975
95,0.022581,0.23606,0.00012139
96,0.023052,0.23818,0.0001102
97,0.023105,0.24008,0.00011393
98,0.023266,0.24193,8.7807e-05
99,0.023797,0.24368,6.1687e-05
100,0.023921,0.24528,0.00018109
101,0.023812,0.24689,0.00026318
102,0.024112,0.24839,4.303e-05
103,0.024422,0.2497,-9.2096e-06
104,0.024591,0.25075,0.00012512
105,0.024819,0.25195,8.0344e-05
106,0.024883,0.25308,3.9299e-05
107,0.025055,0.25396,0.00012885
108,0.025126,0.25482,0.00011766
109,0.025265,0.25558,5.7956e-05
110,0.02559,0.25659,3.1836e-05
111,0.025729,0.2577,4.6761e-05
112,0.025946,0.25869,0.0002296
113,0.026028,0.25959,0.00014378
114,0.026204,0.26039,-2.7867e-05
115,0.026399,0.26147,5.7956e-05
116,0.026496,0.26251,1.9846e-06
117,0.026811,0.26314,0.00012139
118,0.026897,0.26371,9.9001e-05
119,0.026841,0.26419,-9.13e-05
120,0.026957,0.26438,5.7956e-05
121,0.02705,0.26446,5.0493e-05
122,0.027125,0.26454,-3.9061e-05
123,0.027208,0.26443,-0.00010623
124,0.027174,0.26402,-9.5032e-05
125,0.027253,0.26349,-6.5181e-05
126,0.027148,0.26289,-9.8763e-05
127,0.027054,0.26206,0.0001699
128,0.027204,0.26091,0.00021841
129,0.027009,0.25944,-6.1449e-05
130,0.026736,0.25759,-4.2792e-05
131,0.026583,0.25578,6.1687e-05
132,0.02656,0.2539,-6.8912e-05
133,0.026238,0.25141,-9.5032e-05
134,0.025785,0.24859,-0.00011369
135,0.025613,0.24575,-0.00013981
136,0.025283,0.24305,-1.6672e-05
137,0.024905,0.24002,-0.00010249
138,0.024415,0.23658,-0.0002928
139,0.024089,0.23309,-0.00026668
140,0.023835,0.22941,-0.00015847
141,0.023337,0.22553,-0.00027041
142,0.022794,0.22112,-0.00025175
143,0.022337,0.2165,-0.00025175
144,0.021925,0.21192,-0.00026294
145,0.021244,0.2067,-0.00012861
146,0.020802,0.20128,-0.00024429
147,0.020301,0.19595,-0.00019951
148,0.019485,0.1902,-0.00021817
149,0.018889,0.18418,-0.00035623
150,0.018294,0.17824,-0.00033011
151,0.017572,0.17217,-0.00027041
152,0.0168,0.16565,-0.00020697
153,0.01619,0.15914,-0.00025921
154,0.01543,0.15271,-0.00022563
155,0.014738,0.14618,-0.00027787
156,0.014146,0.1395,-0.00036369
157,0.013338,0.13272,-0.00032638
158,0.012757,0.12624,-0.00024429
159,0.012061,0.11961,-0.00019578
160,0.011354,0.11294,-0.0002816
161,0.010784,0.10658,-0.00019578
162,0.010096,0.10023,-0.0003525
163,0.0094443,0.093684,-0.00042713
164,0.0087068,0.087342,-0.00022936
165,0.0081041,0.081498,-0.00024802
166,0.0076436,0.075171,-0.00019578
167,0.0069061,0.068774,-0.00036369
168,0.0062136,0.062989,-0.00025175
169,0.0056895,0.05701,-0.00015473
170,0.0051055,0.05105,-0.00033384
171,0.0044503,0.045328,-0.00025175
172,0.003754,0.039592,-0.0002219
173,0.0034246,0.034009,-0.0001622
174,0.0029941,0.028456,-0.00030399
175,0.0021929,0.023094,-0.0003413
176,0.0017175,0.017914,-0.00025548
177,0.0012795,0.012698,-0.00029653
178,0.00073292,0.0073764,-0.00021817
179,0.00032113,0.0020027,-0.00012488
180,-0.00021421,-0.0031729,-0.00019951
181,-0.00090678,-0.008498,-0.00039354
182,-0.001341,-0.013853,-0.00028533
183,-0.0016929,-0.019174,-0.00018085
184,-0.0022844,-0.024638,-0.00022563
185,-0.0028684,-0.030019,-0.00020697
186,-0.0033401,-0.035538,-0.00028533
187,-0.0038792,-0.041248,-0.00030026
188,-0.0045418,-0.047018,-0.00015847
189,-0.0049237,-0.05272,-0.00018459
190,-0.0056013,-0.058501,-0.00028906
191,-0.0064136,-0.064611,-0.00017712
192,-0.0068816,-0.070874,-0.00012488
193,-0.0076528,-0.077122,-0.00027787
194,-0.0082779,-0.083557,-0.0003413
195,-0.0087796,-0.090146,-0.00018085
196,-0.0095246,-0.096973,-0.00025548
197,-0.010299,-0.10391,-0.00030026
198,-0.010943,-0.11079,-0.00014354
199,-0.011621,-0.11797,-0.00010996
200,-0.012489,-0.12509,-0.00018832
201,-0.013216,-0.13239,-0.00033757
202,-0.013901,-0.13957,-0.00015847
203,-0.014631,-0.1465,-0.00019951
204,-0.015342,-0.1538,-0.00040101
205,-0.016128,-0.16047,-0.00022563
206,-0.016873,-0.1671,-0.00021444
207,-0.017367,-0.17362,-0.00025175
208,-0.017978,-0.1796,-0.0003525
209,-0.018734,-0.18591,-0.00039727
210,-0.019307,-0.19153,-0.00024802
211,-0.019906,-0.19664,-0.00021071
212,-0.020456,-0.20173,-0.00028533
213,-0.021171,-0.20644,-0.00042713
214,-0.021781,-0.21099,-0.00050175
215,-0.022077,-0.21503,-0.00041966
216,-0.022421,-0.21877,-0.00043459
217,-0.022781,-0.22222,-0.0005428
218,-0.023185,-0.22527,-0.00052041
219,-0.023462,-0.2283,-0.00050175
220,-0.023776,-0.23114,-0.00050175
221,-0.024061,-0.23369,-0.00048683
222,-0.024304,-0.23614,-0.00048683
223,-0.024705,-0.23838,-0.00033757
224,-0.025004,-0.24057,-0.00038981
225,-0.0253,-0.24266,-0.00059131
226,-0.025472,-0.24443,-0.00035996
227,-0.025749,-0.24631,-0.00028906
228,-0.026038,-0.24801,-0.00038608
229,-0.026011,-0.24966,-0.00024802
230,-0.026363,-0.25135,-0.00045325
231,-0.026659,-0.2525,-0.00056519
232,-0.02673,-0.25366,-0.00045698
233,-0.027,-0.2549,-0.00059877
234,-0.027119,-0.25596,-0.00038235
235,-0.027127,-0.25688,-0.00022936
236,-0.027217,-0.25767,-0.00037116
237,-0.027479,-0.25855,-0.00032638
238,-0.027767,-0.25954,-0.00037489
239,-0.027861,-0.26061,-0.0003413
240,-0.028029,-0.26159,-0.00027041
241,-0.028302,-0.26244,-0.00029653
242,-0.028321,-0.26343,-0.0002928
243,-0.028486,-0.26429,-0.00040474
244,-0.028789,-0.26503,-0.00036369
245,-0.028748,-0.26569,-0.00016593
246,-0.02889,-0.26611,-0.00022936
247,-0.029141,-0.26662,-0.00031518
248,-0.029104,-0.26692,-0.00031145
249,-0.029156,-0.26683,-0.00037862
250,-0.029242,-0.26659,-0.0002816
251,-0.02928,-0.2664,-0.00024429
252,-0.029339,-0.26615,-0.00026294
253,-0.02925,-0.26558,-0.00026294
254,-0.029156,-0.26482,-0.00037489
255,-0.029014,-0.26386,-0.00029653
256,-0.029036,-0.2627,-0.00019205
257,-0.029077,-0.26109,-0.00022936
258,-0.028804,-0.25938,-0.00020324
259,-0.028677,-0.25753,5.716e-06
260,-0.02837,-0.25516,-1.7468e-06
261,-0.028044,-0.25267,-0.00024429
262,-0.027947,-0.24995,-0.00019205
263,-0.027479,-0.24722,-1.6672e-05
264,-0.027075,-0.24436,-0.00010249
265,-0.026884,-0.24105,-0.00018832
266,-0.026603,-0.23762,-0.00010996
267,-0.026154,-0.23387,-0.00024802
268,-0.025588,-0.23,-0.00022563
269,-0.025233,-0.22579,3.5567e-05
270,-0.024776,-0.22102,-4.6524e-05
271,-0.024185,-0.21642,-7.2643e-05
272,-0.023627,-0.21148,-8.0106e-05
273,-0.023103,-0.20609,-0.00013235
274,-0.022579,-0.20088,2.4373e-05
275,-0.021938,-0.19522,1.3179e-05
276,-0.021283,-0.18944,0.00012139
277,-0.020471,-0.18362,8.7807e-05
278,-0.019906,-0.17737,-0.00021071
279,-0.019415,-0.17125,6.915e-05
280,-0.018648,-0.16498,0.00021467
281,-0.018023,-0.15861,-3.1598e-05
282,-0.017281,-0.15216,-6.1449e-05
283,-0.016592,-0.14553,-8.0106e-05
284,-0.016005,-0.13889,-8.0106e-05
285,-0.015136,-0.13215,-3.5329e-05
286,-0.014496,-0.12558,9.527e-05
287,-0.014024,-0.11912,2.8104e-05
288,-0.013242,-0.11257,-1.7468e-06
289,-0.012501,-0.10613,-2.0404e-05
290,-0.011939,-0.099794,-0.00029653
291,-0.011187,-0.093412,-0.00017712
292,-0.010591,-0.087059,-0.0001622
293,-0.010011,-0.08093,-9.13e-05
294,-0.0092513,-0.074682,-1.7468e-06
295,-0.0088208,-0.068535,-0.00022936
296,-0.0081507,-0.062657,-1.6672e-05
297,-0.0074281,-0.056611,2.8104e-05
298,-0.006934,-0.050699,-9.5032e-05
299,-0.0062227,-0.044963,-0.00012488
300,-0.0057884,-0.039283,-0.00014354
301,-0.0052381,-0.033748,-2.4135e-05
302,-0.0046392,-0.028326,-3.5329e-05
303,-0.0041076,-0.023008,-6.5181e-05
304,-0.0034412,-0.017766,-9.5032e-05
305,-0.0032203,-0.012463,3.1836e-05
306,-0.0025053,-0.0071378,3.9299e-05
307,-0.0018427,-0.0018762,-4.2792e-05
308,-0.0017603,0.0035797,5.0493e-05
309,-0.00098914,0.0090243,-0.00012488
310,-0.00049498,0.014447,-0.00021817
311,-1.5799e-05,0.019858,-0.00013981
312,0.00077784,0.02519,-7.2643e-05
313,0.0010511,0.030833,-6.5181e-05
314,0.0016202,0.036487,-0.00013608
315,0.002178,0.042066,-0.00013981
316,0.0027732,0.047974,-6.8912e-05
317,0.0034171,0.053819,4.6761e-05
318,0.0038214,0.059674,1.3179e-05
319,0.0046375,0.065866,-5.0255e-05
320,0.0052664,0.072017,-0.00013608
321,0.0058766,0.078351,-5.0255e-05
322,0.0065617,0.084906,-2.7867e-05
323,0.0070783,0.091475,-0.00016966
324,0.0077784,0.098239,1.9846e-06
325,0.0084335,0.10511,-9.2096e-06
326,0.0091822,0.11202,-8.0106e-05
327,0.010017,0.1192,-3.5329e-05
328,0.010755,0.12643,-0.00012115
329,0.011406,0.1335,-0.00021817
330,0.012203,0.14066,-0.00027414
331,0.012997,0.14772,-0.00011369
332,0.013645,0.15479,-6.1449e-05
333,0.014367,0.16154,-9.8763e-05
334,0.014906,0.16794,6.5418e-05
335,0.015647,0.1745,-8.7569e-05
336,0.01646,0.18067,-0.00011369
337,0.016939,0.18643,0.00012885
338,0.017497,0.19195,-5.3986e-05
339,0.01807,0.19725,4.6761e-05
340,0.018755,0.20237,2.0642e-05
341,0.019432,0.20708,-1.7468e-06
342,0.019919,0.21144,0.00025572
343,0.020248,0.21548,5.4224e-05
344,0.020514,0.2193,0.00036393
345,0.021057,0.22276,0.00032662
346,0.021364,0.22595,5.7956e-05
347,0.021686,0.22899,0.00040498
348,0.022184,0.23172,0.00021094
349,0.022356,0.23429,3.9299e-05
350,0.022667,0.2367,0.00014005
351,0.02297,0.23903,0.00025199
352,0.023138,0.24124,0.00032662
353,0.023329,0.24315,0.00025945
354,0.023584,0.24506,0.00017736
355,0.023951,0.24687,8.7807e-05
356,0.024205,0.24866,0.00011766
357,0.024437,0.25047,0.0001587
358,0.024565,0.25193,0.00012139
359,0.024666,0.25319,0.00014751
360,0.024913,0.25435,0.00028184
361,0.025096,0.25546,5.4224e-05
362,0.025242,0.25644,-7.6375e-05
363,0.025448,0.25726,0.00013258
364,0.02565,0.25828,5.0493e-05
365,0.025763,0.25912,-3.9061e-05
366,0.025901,0.25998,-0.00012488
367,0.026115,0.26125,-2.7867e-05
368,0.026137,0.26204,0.00010273
369,0.026343,0.26289,5.716e-06
370,0.026691,0.26405,4.6761e-05
371,0.026721,0.26485,3.9299e-05
372,0.026942,0.26548,7.6613e-05
373,0.027163,0.26607,1.9846e-06
374,0.027163,0.26664,-8.7569e-05
375,0.027159,0.26697,9.4474e-06
376,0.027208,0.26722,-2.4135e-05
377,0.027526,0.26743,2.4373e-05
378,0.027567,0.26738,6.1687e-05
379,0.027511,0.2672,-6.1449e-05
380,0.027548,0.26687,-4.2792e-05
381,0.027477,0.26632,-7.6375e-05
382,0.027533,0.26589,-7.2643e-05
383,0.027462,0.26511,2.4373e-05
384,0.027503,0.26375,-0.00018832
385,0.02729,0.26232,-0.00010249
386,0.026991,0.26045,-8.0106e-05
387,0.027054,0.25846,-0.00025921
388,0.02686,0.25621,-0.00016593
389,0.026399,0.25345,-0.00010996
390,0.026032,0.25109,5.4224e-05
391,0.025901,0.24845,-0.00011369
392,0.025568,0.24528,-0.00010623
393,0.0251,0.24206,-0.00010249
394,0.024827,0.23831,-0.00038981
395,0.024598,0.23453,-0.00023682
396,0.023973,0.23065,-0.00017339
397,0.023434,0.22625,-0.00016966
398,0.023078,0.22173,-0.00021817
399,0.022427,0.21704,-0.00020324
400,0.021925,0.21204,-0.00026668
401,0.021267,0.20681,-0.00029653
402,0.020671,0.20148,-0.00021071
403,0.020181,0.19584,-0.00036369
404,0.019601,0.1901,-0.00020697
405,0.018833,0.18411,-0.00018085
406,0.018137,0.17794,-0.00040474
407,0.017759,0.17156,-0.00033011
408,0.016857,0.16504,-0.00018085
409,0.016104,0.15879,-0.000151
410,0.015535,0.1522,-0.00019578
411,0.014813,0.14548,-0.00030772
412,0.014135,0.13893,-0.00020697
413,0.013431,0.13245,-0.00021817
414,0.012802,0.12583,-0.0003525
415,0.012054,0.11912,-0.0003525
416,0.011425,0.11267,-0.00030772
417,0.010784,0.10618,-0.00022563
418,0.0099834,0.099895,-0.00035996
419,0.0094331,0.093497,-0.00016593
420,0.0088416,0.087092,-5.7718e-05
421,0.0080255,0.081061,-0.0001622
422,0.0074864,0.074738,-0.00023309
423,0.0068575,0.068564,-0.00027414
424,0.0062285,0.062724,-0.00012115
425,0.0057306,0.056681,-0.00038608
426,0.0049407,0.050747,-0.00033384
427,0.0044166,0.044932,-0.00027041
428,0.0040235,0.0392,-0.00037489
429,0.0034096,0.033722,-0.00013608
430,0.0027657,0.028258,-0.00027041
431,0.0023202,0.022795,-0.00023682
432,0.001856,0.017328,-0.00018832
433,0.0010137,0.012033,-0.00030772
434,0.00063933,0.0067523,-0.00032265
435,0.00044466,0.0012703,-0.00037116
436,-0.00032277,-0.0042118,-0.00025921
437,-0.00091052,-0.0096938,-0.00021817
438,-0.0013223,-0.015146,-0.00015847
439,-0.0018577,-0.020699,-0.00019578
440,-0.0024229,-0.02617,-0.00021817
441,-0.0030294,-0.031693,-7.2643e-05
442,-0.0034824,-0.037358,-0.00011369
443,-0.0039204,-0.042978,-0.00019578
444,-0.0046204,-0.048748,-0.00020697
445,-0.0052232,-0.054615,-0.00018459
446,-0.0057884,-0.060661,-0.00025175
447,-0.0064174,-0.066827,-0.00023682
448,-0.0069864,-0.07306,-0.00027787
449,-0.007679,-0.079604,-0.00033011
450,-0.0083004,-0.086274,-0.00024429
451,-0.0090416,-0.092799,-0.00024802
452,-0.0098652,-0.099544,-0.00016593
453,-0.010636,-0.10644,-0.00016593
454,-0.011243,-0.11351,-0.00030026
455,-0.011831,-0.1208,-0.00031145
456,-0.012752,-0.12797,-0.00021071
457,-0.013452,-0.13542,-0.0002816
458,-0.014118,-0.14272,-0.00025175
459,-0.014971,-0.1497,-0.00018085
460,-0.015649,-0.15682,-0.00040474
461,-0.016342,-0.16352,-0.00038235
462,-0.017057,-0.16999,-0.00014354
463,-0.017719,-0.17653,-0.00020697
464,-0.018374,-0.18256,-0.00029653
465,-0.019011,-0.18825,-0.00013981
466,-0.019617,-0.19384,-0.00023309
467,-0.020115,-0.19918,-0.00026294
468,-0.02068,-0.20415,-0.00016593
469,-0.02125,-0.20875,-0.00039354
470,-0.021804,-0.21325,-0.00053907
471,-0.022178,-0.21738,-0.00062862
472,-0.022661,-0.22099,-0.00059877
473,-0.023222,-0.22447,-0.00058384
474,-0.023312,-0.22772,-0.00067713
475,-0.023717,-0.23068,-0.00052414
476,-0.024083,-0.23356,-0.00062116
477,-0.024357,-0.23606,-0.0006025
478,-0.024634,-0.23838,-0.00037862
479,-0.024881,-0.24079,-0.00058384
480,-0.025364,-0.24301,-0.00047937
481,-0.025424,-0.24505,-0.00034877
482,-0.025813,-0.24699,-0.00053534
483,-0.026079,-0.24883,-0.00046444
484,-0.026086,-0.25058,-0.00043832
485,-0.026532,-0.25232,-0.00037116
486,-0.026607,-0.25375,-0.00027787
487,-0.02673,-0.25497,-0.00047937
488,-0.027045,-0.25624,-0.00052787
489,-0.027217,-0.25719,-0.0004122
490,-0.027299,-0.25803,-0.00037489
491,-0.027438,-0.25894,-0.00033384
492,-0.027647,-0.25998,-0.00037116
493,-0.027767,-0.26104,-0.00041966
494,-0.028112,-0.26176,-0.00024056
495,-0.028287,-0.26259,-0.00032265
496,-0.028389,-0.26369,-0.00055399
497,-0.028565,-0.26452,-0.0002816
498,-0.028576,-0.26538,-0.00023309
499,-0.028718,-0.26624,-0.00041966
500,-0.02883,-0.26676,-0.00031145
501,-0.029081,-0.26737,-0.00023682
502,-0.029354,-0.2679,-0.00024056
503,-0.029268,-0.26828,-0.00022936
504,-0.029287,-0.2686,-0.00019951
505,-0.029407,-0.26873,-0.00026668
506,-0.029448,-0.2688,-0.00032638
507,-0.029534,-0.26846,-0.00023682
508,-0.029538,-0.268,-0.00010249
509,-0.029545,-0.26767,-9.5032e-05
510,-0.029564,-0.26696,-0.00025548
511,-0.02947,-0.26599,-0.00010249
512,-0.029448,-0.26478,-4.2792e-05
513,-0.029313,-0.26324,-0.00020697
514,-0.029182,-0.26145,-0.00019205
515,-0.028954,-0.25926,-0.00027041
516,-0.028576,-0.25699,-7.6375e-05
517,-0.028433,-0.25451,-6.8912e-05
518,-0.028108,-0.25179,-0.00019205
519,-0.027718,-0.24891,-9.5032e-05
520,-0.027426,-0.24579,-0.00014354
521,-0.027075,-0.24242,-8.7569e-05
522,-0.026633,-0.23886,-0.00013981
523,-0.026176,-0.23518,-0.0001622
524,-0.025854,-0.23089,-6.5181e-05
525,-0.025315,-0.2264,-0.00015847
526,-0.024806,-0.22201,-8.3838e-05
527,-0.024353,-0.21709,1.9846e-06
528,-0.023657,-0.21191,-0.00013235
529,-0.023211,-0.20682,-9.5032e-05
530,-0.022605,-0.20158,-9.8763e-05
531,-0.021942,-0.19593,-0.00012861
532,-0.021452,-0.18995,5.716e-06
533,-0.020617,-0.18377,-1.7468e-06
534,-0.020052,-0.17766,2.8104e-05
535,-0.019408,-0.17155,1.9846e-06
536,-0.018782,-0.16516,-5.7718e-05
537,-0.018236,-0.15869,-1.7468e-06
538,-0.017278,-0.15218,-0.00014727
539,-0.016626,-0.14559,-8.7569e-05
540,-0.015889,-0.13897,3.1836e-05
541,-0.01514,-0.13226,-0.00014727
542,-0.014533,-0.12573,-3.5329e-05
543,-0.013762,-0.11917,5.716e-06
544,-0.013268,-0.1126,-0.000151
545,-0.012688,-0.10616,-1.7468e-06
546,-0.011831,-0.099656,-9.13e-05
547,-0.011179,-0.093247,-0.00017712
548,-0.010674,-0.086842,9.4474e-06
549,-0.0099513,-0.080665,3.9299e-05
550,-0.0091727,-0.074566,0.00025945
551,-0.0086897,-0.068344,0.00011766
552,-0.0081207,-0.062392,-0.00020324
553,-0.0074656,-0.056502,-6.5181e-05
554,-0.0068591,-0.050624,-6.5181e-05
555,-0.0062339,-0.044817,9.4474e-06
556,-0.0057809,-0.039215,9.9001e-05
557,-0.0050959,-0.033804,9.4474e-06
558,-0.0046092,-0.028348,1.691e-05
559,-0.0042461,-0.022878,-3.9061e-05
560,-0.0034599,-0.017553,-1.6672e-05
561,-0.0030481,-0.012085,6.915e-05
562,-0.0027037,-0.0066295,-5.7718e-05
563,-0.0021047,-0.0014278,-1.7468e-06
564,-0.0015619,0.0041589,1.691e-05
565,-0.00091052,0.0095662,-0.00015847
566,-0.00040888,0.014906,2.4373e-05
567,5.1586e-05,0.020426,-5.7718e-05
568,0.00064682,0.025683,-0.0002219
569,0.0011597,0.031337,-1.7468e-06
570,0.0019196,0.036935,6.5418e-05
571,0.0024774,0.042627,1.3179e-05
572,0.0028069,0.048647,-1.2941e-05
573,0.0035144,0.054308,-6.1449e-05
574,0.0040872,0.060306,1.9846e-06
575,0.0046674,0.066524,6.5418e-05
576,0.005345,0.072776,-7.2643e-05
577,0.0058991,0.079252,-5.7718e-05
578,0.0064644,0.085564,-2.0404e-05
579,0.0071495,0.092167,-4.2792e-05
580,0.0079431,0.098987,7.2881e-05
581,0.0086993,0.10581,-6.8912e-05
582,0.0095229,0.113,-0.00015473
583,0.010107,0.12015,0.00011393
584,0.010833,0.12746,3.1836e-05
585,0.011732,0.13499,-0.00010249
586,0.012383,0.14203,5.716e-06
587,0.013177,0.14912,-9.8763e-05
588,0.013888,0.15615,-9.2096e-06
589,0.014543,0.16283,-1.2941e-05
590,0.015213,0.16956,-3.1598e-05
591,0.015887,0.17588,5.716e-06
592,0.016497,0.18187,-0.00019578
593,0.017092,0.18753,2.8104e-05
594,0.017819,0.19297,3.5567e-05
595,0.018201,0.19823,-9.2096e-06
596,0.018661,0.20308,3.1836e-05
597,0.019372,0.20792,-6.8912e-05
598,0.01996,0.21248,0.00040124
599,0.020398,0.2164,0.00036393
600,0.020649,0.22002,9.527e-05
601,0.021023,0.22362,0.00019229
602,0.021398,0.22691,0.00012512
603,0.02172,0.22977,0.00032288
604,0.022143,0.23256,0.0003602
605,0.02245,0.23507,0.0001699
606,0.022745,0.23745,7.6613e-05
607,0.023041,0.23982,0.00018482
608,0.023239,0.24201,0.00025945
609,0.023513,0.24417,-5.4782e-06
610,0.023767,0.24623,0.00021094
611,0.024003,0.24814,0.00033035
612,0.024329,0.24987,1.3179e-05
613,0.024464,0.25144,0.00016617
614,0.024666,0.25282,0.00021094
615,0.024905,0.25408,0.00013631
616,0.024999,0.25519,0.00014378
617,0.025242,0.25615,6.1687e-05
618,0.025328,0.25712,0.00013258
619,0.025504,0.25796,-2.0404e-05
620,0.025751,0.25878,5.716e-06
621,0.025778,0.25968,0.00010646
622,0.026006,0.26055,5.716e-06
623,0.026234,0.2615,7.2881e-05
624,0.026414,0.26245,1.9846e-06
625,0.02653,0.26345,4.303e-05
626,0.026642,0.26424,5.4224e-05
627,0.026882,0.26487,7.2881e-05
628,0.026946,0.26579,9.1538e-05
629,0.027069,0.2665,-5.7718e-05
630,0.027249,0.26706,-5.3986e-05
631,0.027357,0.26765,-0.00016966
632,0.02738,0.26793,-9.8763e-05
633,0.027387,0.26796,5.4224e-05
634,0.027601,0.26814,-5.0255e-05
635,0.027664,0.2682,-8.3838e-05
636,0.027593,0.26789,1.9846e-06
637,0.027646,0.26747,-9.13e-05
638,0.027653,0.26667,-0.00022563
639,0.027608,0.26579,-7.2643e-05
640,0.027548,0.2647,-2.4135e-05
641,0.027342,0.26309,-1.2941e-05
642,0.027073,0.26133,1.3179e-05
643,0.026882,0.25933,-9.2096e-06
644,0.026792,0.25724,-7.2643e-05
645,0.026605,0.25487,-8.7569e-05
646,0.026302,0.25222,3.1836e-05
647,0.026051,0.24927,-3.5329e-05
648,0.025789,0.24607,-2.4135e-05
649,0.025392,0.24292,-0.00016966
650,0.02492,0.23944,-0.00027414
651,0.02461,0.23548,-0.00020324
652,0.024089,0.2313,-0.00024056
653,0.023472,0.22697,-7.6375e-05
654,0.023093,0.22224,-0.00013608
655,0.022494,0.21753,-0.00024802
656,0.02197,0.21259,-0.0001622
657,0.021409,0.20744,-0.000151
658,0.020765,0.2021,-0.00019205
659,0.020308,0.19625,-0.00027787
660,0.019612,0.1906,-0.00021444
661,0.019092,0.18472,-0.00028533
662,0.018362,0.17848,-0.00041966
663,0.017467,0.17211,-0.00018085
664,0.016883,0.16581,-0.00010623
665,0.016119,0.15954,-0.00024802
666,0.015591,0.15289,-0.0002816
667,0.014902,0.14615,-0.00022563
668,0.01412,0.13956,-0.00027041
669,0.013559,0.13301,-0.00025175
670,0.012735,0.12633,-0.000151
671,0.01199,0.11976,-0.00033384
672,0.011402,0.11308,-0.00020697
673,0.010837,0.10639,-0.00017339
674,0.010002,0.09991,-0.00034877
675,0.0093732,0.093381,-0.00019205
676,0.0088116,0.087051,-0.00026294
677,0.0080367,0.081027,-0.00034877
678,0.0075276,0.074865,-0.0003413
679,0.0068912,0.068557,-0.00033757
680,0.0063596,0.062619,-0.00026668
681,0.0056857,0.056707,-0.00032265
682,0.0050493,0.050702,-0.00033757
683,0.0044803,0.044981,-0.00027787
684,0.0037652,0.039357,-0.00040101
685,0.0035706,0.033703,-0.00041593
686,0.0028443,0.028284,-0.0002219
687,0.0020394,0.022705,-0.00031518
688,0.0017924,0.017186,-0.0003413
689,0.0012271,0.0121,-0.00018459
690,0.0007479,0.0065318,-0.00029653
691,0.00017138,0.0011133,-0.00028906
692,-0.00046878,-0.0041557,-0.00019578
693,-0.00086934,-0.0096639,-0.00023309
694,-0.0014084,-0.014985,-0.0001622
695,-0.0020111,-0.020471,-0.00013981
696,-0.0025128,-0.025957,-0.00023309
697,-0.0029995,-0.031428,-0.00023309
698,-0.0035273,-0.03694,-0.00025175
699,-0.003969,-0.042732,-0.00018085
700,-0.0044595,-0.048681,-0.00020697
701,-0.005182,-0.054537,-0.00030772
702,-0.0059344,-0.060527,-0.00020324
703,-0.0064847,-0.066525,-0.00032638
704,-0.0070276,-0.072851,-0.0003413
705,-0.0076752,-0.079324,-0.00020324
706,-0.0083341,-0.085807,-9.5032e-05
707,-0.0090603,-0.092526,-0.00014354
708,-0.009854,-0.099436,-0.00035623
709,-0.010472,-0.10648,-0.00030772
710,-0.011194,-0.11355,-0.00032638
711,-0.012033,-0.12086,-0.0001622
712,-0.01274,-0.1282,-2.7867e-05
713,-0.013508,-0.13566,-0.00026668
714,-0.014047,-0.14292,-0.00013235
715,-0.014912,-0.14989,-0.00013608
716,-0.015967,-0.15703,-0.00031892
717,-0.016533,-0.16384,-0.00021444
718,-0.017214,-0.17046,-0.00030399
719,-0.017832,-0.17661,-0.00025175
720,-0.018401,-0.18236,-0.00021071
721,-0.019097,-0.18831,-0.00033384
722,-0.019561,-0.19376,-0.00036369
723,-0.020134,-0.19872,-0.00030399
724,-0.020725,-0.20376,-0.00013608
725,-0.021152,-0.20864,-0.00038608
726,-0.021837,-0.21305,-0.00055399
727,-0.022395,-0.21704,-0.00049802
728,-0.022646,-0.22067,-0.0006137
729,-0.022987,-0.22432,-0.00055399
730,-0.023443,-0.22767,-0.0004831
731,-0.023825,-0.23065,-0.00044951
732,-0.024113,-0.23348,-0.00057265
733,-0.024473,-0.23596,-0.00061743
734,-0.024679,-0.2384,-0.00052787
735,-0.024903,-0.24067,-0.00051668
736,-0.025203,-0.24294,-0.00049056
737,-0.025409,-0.24507,-0.00057638
738,-0.025791,-0.24692,-0.00050549
739,-0.026026,-0.24893,-0.00048683
740,-0.026083,-0.25057,-0.0004719
741,-0.026416,-0.2521,-0.00044951
742,-0.026629,-0.25359,-0.00043086
743,-0.026648,-0.25455,-0.00026668
744,-0.026887,-0.25547,-0.00035623
745,-0.027134,-0.25661,-0.00039727
746,-0.027307,-0.25756,-0.00035996
747,-0.027385,-0.25815,-0.00030772
748,-0.027441,-0.25903,-0.00026668
749,-0.027647,-0.25998,-0.00032638
750,-0.027838,-0.26076,-0.00038608
751,-0.028115,-0.26177,-0.00031892
752,-0.028231,-0.26253,-0.0002928
753,-0.028273,-0.26327,-0.00043832
754,-0.028456,-0.26421,-0.00021444
755,-0.028572,-0.26475,-0.00020324
756,-0.028823,-0.26529,-0.00034504
757,-0.028898,-0.26611,-0.00017339
758,-0.02892,-0.2667,-0.00012488
759,-0.029137,-0.2671,-0.00024429
760,-0.02928,-0.26745,-0.00030772
761,-0.029321,-0.26753,-4.6524e-05
762,-0.029324,-0.26756,-9.8763e-05
763,-0.029545,-0.26752,-0.00027414
764,-0.029545,-0.26719,-0.00013608
765,-0.029242,-0.26662,-0.00029653
766,-0.029336,-0.26588,-0.00035996
767,-0.029418,-0.26493,-9.8763e-05
768,-0.029295,-0.26361,-0.00019205
769,-0.029156,-0.26214,-0.00030399
770,-0.02874,-0.26036,-0.00017712
771,-0.028594,-0.25834,-0.00018459
772,-0.028587,-0.25616,-0.00017339
773,-0.028216,-0.25359,-0.00019205
774,-0.027913,-0.25102,-0.00020324
775,-0.027584,-0.2483,-0.00012115
776,-0.027307,-0.24503,-0.00021817
777,-0.026959,-0.24145,-0.00026668
778,-0.026592,-0.23773,-8.7569e-05
779,-0.026266,-0.23388,-1.7468e-06
780,-0.025618,-0.22977,-0.00010996
781,-0.025147,-0.22541,-0.00015847
782,-0.024608,-0.22078,-5.7718e-05
783,-0.024098,-0.21587,-7.6375e-05
784,-0.023589,-0.21108,-0.00017712
785,-0.022975,-0.20608,-0.00013235
786,-0.022597,-0.2006,5.716e-06
787,-0.021732,-0.19507,-1.6672e-05
788,-0.021261,-0.18923,-0.00010996
789,-0.020808,-0.18333,2.4373e-05
790,-0.019741,-0.17733,8.7807e-05
791,-0.019299,-0.17109,-1.7468e-06
792,-0.018745,-0.16478,-0.00012115
793,-0.017884,-0.15833,-0.00015847
794,-0.01727,-0.15193,7.2881e-05
795,-0.016626,-0.14538,-2.7867e-05
796,-0.015874,-0.13886,-0.00011742
797,-0.01517,-0.13242,6.915e-05
798,-0.014578,-0.1258,-2.7867e-05
799,-0.013901,-0.11911,3.9299e-05
800,-0.013242,-0.11255,-5.4782e-06
801,-0.012504,-0.10594,-5.0255e-05
802,-0.011947,-0.099219,6.915e-05
803,-0.01131,-0.092814,4.6761e-05
804,-0.010416,-0.086539,9.527e-05
805,-0.0099251,-0.080303,-5.0255e-05
806,-0.0092326,-0.074215,-2.7867e-05
807,-0.0085475,-0.068139,5.0493e-05
808,-0.0079448,-0.062164,-5.7718e-05
809,-0.0072147,-0.05614,-4.2792e-05
810,-0.0067992,-0.050243,5.0493e-05
811,-0.0061778,-0.044623,-4.2792e-05
812,-0.0056013,-0.03904,-0.00014727
813,-0.0051183,-0.033517,9.4474e-06
814,-0.0045194,-0.028083,-7.2643e-05
815,-0.0039803,-0.022721,-4.2792e-05
816,-0.0034899,-0.01728,-4.2792e-05
817,-0.0030369,-0.011928,-3.5329e-05
818,-0.0025278,-0.0067865,8.0344e-05
819,-0.0020299,-0.0014689,-0.00017712
820,-0.0014421,0.0038226,-8.0106e-05
821,-0.00092924,0.0091664,9.527e-05
822,-0.00050247,0.01454,-7.2643e-05
823,3.2868e-05,0.019783,-0.00018832
824,0.000688,0.02534,-6.5181e-05
825,0.0011971,0.03065,3.9299e-05
826,0.0015715,0.036057,-0.00014727
827,0.0022042,0.042118,-0.00013608
828,0.002863,0.047798,-4.6524e-05
829,0.0033834,0.053542,-0.00012488
830,0.0039899,0.059495,-0.00013235
831,0.004645,0.06541,-0.00012861
832,0.0053001,0.071789,-6.8912e-05
833,0.0058242,0.077993,2.0642e-05
834,0.0063146,0.084349,-9.13e-05
835,0.0071008,0.091113,-6.1449e-05
836,0.0078533,0.097951,7.6613e-05
837,0.0084485,0.105,9.4474e-06
838,0.0091822,0.11199,1.9846e-06
839,0.010122,0.11923,5.716e-06
840,0.010889,0.12662,-9.5032e-05
841,0.011518,0.13374,-3.5329e-05
842,0.012331,0.14091,0.00020721
843,0.012937,0.14819,1.9846e-06
844,0.013746,0.155,-0.00013608
845,0.014517,0.1616,0.0001102
846,0.014921,0.16809,9.4474e-06
847,0.015726,0.17416,9.4474e-06
848,0.016437,0.1801,8.0344e-05
849,0.016853,0.18587,-2.4135e-05
850,0.017441,0.1913,-9.13e-05
851,0.018047,0.19645,-0.00018459
852,0.018586,0.20144,-5.7718e-05
853,0.019256,0.20631,0.00027065
854,0.019844,0.21084,0.00036393
855,0.020372,0.2148,0.00022214
856,0.020802,0.21855,0.00012512
857,0.021031,0.22211,0.00017736
858,0.021506,0.22526,9.9001e-05
859,0.021794,0.22816,5.7956e-05
860,0.022116,0.23099,0.00023333
861,0.022412,0.23354,0.00019975
862,0.022524,0.23575,0.00031542
863,0.022925,0.23815,0.00031169
864,0.023217,0.24055,6.5418e-05
865,0.023464,0.2426,0.00013631
866,0.023704,0.2445,0.00021094
867,0.023846,0.24621,0.00019229
868,0.023966,0.24769,0.00026691
869,0.024213,0.24918,0.00020721
870,0.024445,0.25043,-5.7718e-05
871,0.024475,0.25144,8.7807e-05
872,0.024733,0.25249,0.00018109
873,0.024999,0.25335,0.0001102
874,0.025066,0.25422,0.00020348
875,0.025385,0.25504,3.5567e-05
876,0.025538,0.25573,-5.4782e-06
877,0.025426,0.25675,3.9299e-05
878,0.025703,0.25762,8.7807e-05
879,0.025838,0.25831,0.00020721
880,0.026036,0.25923,0.00020348
881,0.026422,0.26005,0.00014751
882,0.026358,0.26094,-1.7468e-06
883,0.02644,0.26165,-4.6524e-05
884,0.026672,0.26232,-3.5329e-05
885,0.026601,0.26326,-3.5329e-05
886,0.02671,0.26378,5.716e-06
887,0.027103,0.26428,-0.00013235
888,0.027103,0.26489,-1.6672e-05
889,0.027167,0.26528,3.1836e-05
890,0.027354,0.26538,-0.00019205
891,0.027193,0.26513,-3.1598e-05
892,0.027185,0.26484,-7.2643e-05
893,0.027133,0.26445,-0.00021071
894,0.027043,0.26366,-0.00016593
895,0.027137,0.2627,-9.8763e-05
896,0.027223,0.2616,5.7956e-05
897,0.027133,0.26013,9.9001e-05
898,0.026904,0.25866,-5.7718e-05
899,0.026687,0.25681,-0.00033757
900,0.026496,0.25433,-0.00015847
901,0.026414,0.25206,-2.7867e-05
902,0.026013,0.24957,-0.00025921
903,0.025594,0.24665,-0.00012115
904,0.025351,0.24365,-5.4782e-06
905,0.025044,0.24015,-0.0002219
906,0.024662,0.23659,-0.00024429
907,0.024074,0.23286,-0.0001622
908,0.02373,0.2286,-0.00019951
909,0.023337,0.22438,-0.00019205
910,0.022854,0.21997,-0.00019951
911,0.022367,0.2153,-0.00022936
912,0.021731,0.21049,-0.00027787
913,0.021192,0.20543,-0.00024056
914,0.020402,0.20005,-0.0002928
915,0.019852,0.19451,-0.00037489
916,0.019417,0.18886,-0.00027041
917,0.018627,0.18282,-0.00032265
918,0.018017,0.17701,-0.00037862
919,0.017549,0.17095,-0.00037489
920,0.016864,0.16448,-0.00021444
921,0.016067,0.15835,-0.00014354
922,0.015531,0.15193,-0.00030026
923,0.014816,0.1454,-0.00022563
924,0.014015,0.13898,-0.00026668
925,0.013383,0.13234,-0.00031892
926,0.012611,0.12563,-0.00028533
927,0.011923,0.11895,-0.00031518
928,0.011372,0.11237,-0.00019205
929,0.010863,0.10554,-0.00031145
930,0.010021,0.099095,-0.00044205
931,0.0091336,0.092709,-0.00028533
932,0.0085907,0.086031,-0.00030026
933,0.007988,0.079951,-0.00019205
934,0.0074864,0.073833,-0.00019951
935,0.0069735,0.067604,-0.00026294
936,0.0062697,0.061535,-6.1449e-05
937,0.0055435,0.05568,-0.00027414
938,0.0049033,0.04991,-0.00033384
939,0.0043867,0.044035,-0.00024429
940,0.0037989,0.038456,-0.0003413
941,0.0031925,0.032922,-0.0002219
942,0.0027882,0.027574,-0.00032638
943,0.002279,0.022152,-0.00030399
944,0.0015565,0.016618,-0.00031892
945,0.0012046,0.01139,-0.00036369
946,0.00067302,0.0061619,-0.00020324
947,0.00010025,0.00089285,-0.00033384
948,-0.00032652,-0.0043687,-0.0001622
949,-0.00089555,-0.0096564,-0.00016593
950,-0.0012212,-0.01497,-0.00032638
951,-0.0019101,-0.020247,-0.00030772
952,-0.002393,-0.025665,-0.00035623
953,-0.0027075,-0.031166,-0.00020697
954,-0.0035423,-0.036745,-0.00020324
955,-0.0041038,-0.042347,-0.00021071
956,-0.0046092,-0.047915,-0.00025175
957,-0.0051857,-0.053838,-0.00030772
958,-0.0056986,-0.059843,-0.0002928
959,-0.0063387,-0.06583,-0.00026668
960,-0.0069415,-0.072122,-0.00018085
961,-0.0075966,-0.078501,-0.00033011
962,-0.0083341,-0.084951,-0.00027414
963,-0.0088919,-0.091655,-0.00023309
964,-0.009562,-0.098569,-0.00033011
965,-0.01052,-0.10572,-0.00012115
966,-0.011104,-0.11275,-0.00021444
967,-0.011685,-0.11994,-0.00040847
968,-0.012684,-0.12736,-0.00030026
969,-0.013287,-0.13461,-0.00021444
970,-0.014002,-0.14189,-0.00024802
971,-0.014998,-0.14877,-0.00025548
972,-0.015597,-0.15568,-0.00023682
973,-0.016263,-0.16235,-0.00031892
974,-0.016825,-0.16856,-0.00022563
975,-0.01742,-0.17503,-0.00018459
976,-0.018307,-0.18084,-0.00029653
977,-0.018839,-0.18638,-0.00022563
978,-0.019348,-0.19211,-0.00016593
979,-0.020052,-0.19747,-0.00019578
980,-0.020478,-0.20252,-0.00026294
981,-0.021017,-0.20721,-0.00044951
982,-0.02174,-0.21181,-0.00055026
983,-0.022137,-0.2159,-0.00057265
984,-0.022676,-0.21947,-0.00059504
985,-0.022975,-0.22312,-0.00055773
986,-0.02308,-0.2264,-0.0006622
987,-0.023709,-0.22946,-0.00055399
988,-0.024065,-0.23216,-0.00030399
989,-0.024308,-0.23463,-0.00044951
990,-0.024694,-0.23731,-0.00049802
991,-0.024739,-0.23961,-0.00045325
992,-0.024907,-0.2418,-0.00051295
993,-0.025409,-0.24377,-0.00045325
994,-0.02563,-0.24539,-0.00040847
995,-0.025734,-0.24713,-0.00038981
996,-0.025937,-0.2486,-0.00044951
997,-0.026101,-0.24995,-0.00045325
998,-0.026367,-0.25111,-0.00049056
999,-0.026397,-0.25211,-0.00058384
1000,-0.026506,-0.25323,-0.00034877
1001,-0.026842,-0.25418,-0.00025548
1002,-0.027011,-0.25506,-0.0003525
1003,-0.027071,-0.25581,-0.0003413
1004,-0.027082,-0.25666,-0.00051295
1005,-0.027385,-0.25756,-0.00047563
1006,-0.027666,-0.25828,-0.00031145
1007,-0.027737,-0.25912,-0.00035623
1008,-0.027943,-0.26001,-0.00030399
1009,-0.028037,-0.26081,-0.00035996
1010,-0.028261,-0.2617,-0.00033011
1011,-0.028493,-0.26253,-0.0002816
1012,-0.028456,-0.26316,-0.00046817
1013,-0.028546,-0.2637,-0.00031145
1014,-0.028759,-0.2642,-0.00020324
1015,-0.028935,-0.26484,-0.00027787
1016,-0.028969,-0.26528,-0.00021071
1017,-0.029036,-0.26545,-0.0002928
1018,-0.0291,-0.26536,-0.00023309
1019,-0.029003,-0.2651,-0.00023682
1020,-0.029066,-0.26478,-0.00024802
1021,-0.029298,-0.26411,-6.1449e-05
1022,-0.029156,-0.26347,-0.00027414
1023,-0.028984,-0.26255,-0.00031145
1024,-0.029212,-0.26122,-3.9061e-05
1025,-0.028969,-0.25983,-6.8912e-05
1026,-0.028688,-0.25823,-0.00013608
1027,-0.028583,-0.25625,-0.00012488
1028,-0.028228,-0.25393,-0.0002219
1029,-0.027999,-0.25163,-0.00020697
1030,-0.027606,-0.24908,-1.7468e-06
1031,-0.027475,-0.24612,-0.00021817
1032,-0.027191,-0.24274,-0.00031145
1033,-0.026625,-0.23926,-2.4135e-05
1034,-0.026404,-0.23586,-0.0002219
1035,-0.025937,-0.232,-5.0255e-05
1036,-0.025487,-0.22782,4.303e-05
1037,-0.024982,-0.22358,-0.00028906
1038,-0.024574,-0.2193,1.691e-05
1039,-0.024031,-0.21467,-8.3838e-05
1040,-0.023372,-0.20975,-0.00019951
1041,-0.022934,-0.2047,-1.7468e-06
1042,-0.022197,-0.19935,-8.0106e-05
1043,-0.021744,-0.19392,-3.5329e-05
1044,-0.0211,-0.18827,-0.00014354
1045,-0.020374,-0.18236,-5.3986e-05
1046,-0.019823,-0.17649,2.8104e-05
1047,-0.019078,-0.17036,-0.00010623
1048,-0.018573,-0.16413,-9.8763e-05
1049,-0.017978,-0.1581,-0.00016593
1050,-0.017315,-0.15163,-0.00013608
1051,-0.016574,-0.14534,6.1687e-05
1052,-0.015788,-0.13895,5.0493e-05
1053,-0.015166,-0.13221,-0.00016593
1054,-0.014466,-0.12574,-4.2792e-05
1055,-0.013564,-0.11908,1.3179e-05
1056,-0.012909,-0.1125,-0.00015847
1057,-0.012546,-0.10575,-1.2941e-05
1058,-0.011864,-0.099114,6.915e-05
1059,-0.011037,-0.092732,4.6761e-05
1060,-0.010322,-0.086297,-1.6672e-05
1061,-0.0097042,-0.080247,-9.13e-05
1062,-0.0091764,-0.073868,2.0642e-05
1063,-0.00854,-0.067664,6.1687e-05
1064,-0.0078137,-0.061857,9.527e-05
1065,-0.0072746,-0.055785,2.8104e-05
1066,-0.0068554,-0.049966,-6.5181e-05
1067,-0.0062115,-0.044316,-3.5329e-05
1068,-0.0056686,-0.038711,-8.7569e-05
1069,-0.0051034,-0.033203,-5.4782e-06
1070,-0.0043434,-0.027788,1.9846e-06
1071,-0.0039204,-0.022504,-3.5329e-05
1072,-0.0035647,-0.017123,3.5567e-05
1073,-0.0029396,-0.011876,-0.00012488
1074,-0.0022769,-0.0067454,-0.00013608
1075,-0.0018651,-0.0014577,-0.00013608
1076,-0.0015806,0.0037777,-0.00018085
1077,-0.0010865,0.0089085,2.0642e-05
1078,-0.00049872,0.014099,9.4474e-06
1079,0.00014143,0.019491,-5.0255e-05
1080,0.00063559,0.024962,-3.5329e-05
1081,0.00099123,0.030325,-0.00012861
1082,0.0015453,0.035769,-1.2941e-05
1083,0.0021106,0.041528,-1.6672e-05
1084,0.0026347,0.047301,-0.0001622
1085,0.0032224,0.052851,-6.8912e-05
1086,0.0038027,0.058684,-0.00017712
1087,0.0044166,0.064947,-0.00012488
1088,0.0051766,0.0713,0.00013631
1089,0.0058018,0.077522,-2.0404e-05
1090,0.006382,0.083916,-0.00015847
1091,0.0071832,0.090706,-9.13e-05
1092,0.007726,0.097473,-6.8912e-05
1093,0.0083699,0.10451,-4.2792e-05
1094,0.0092159,0.11173,2.0642e-05
1095,0.0099609,0.11875,4.6761e-05
1096,0.010792,0.12593,-3.5329e-05
1097,0.011451,0.13313,-1.6672e-05
1098,0.012173,0.14025,5.716e-06
1099,0.012832,0.14716,-0.00012115
1100,0.013514,0.15385,-5.7718e-05
1101,0.014386,0.16054,-9.8763e-05
1102,0.015,0.16692,-0.00019205
1103,0.015632,0.17307,-5.3986e-05
1104,0.016127,0.17908,5.4224e-05
1105,0.016688,0.18471,-1.2941e-05
1106,0.017471,0.19028,-3.5329e-05
1107,0.018032,0.19556,9.4474e-06
1108,0.018627,0.20071,-7.6375e-05
1109,0.019268,0.20576,0.00019229
1110,0.01978,0.21019,0.000349
1111,0.020233,0.21428,0.00024079
1112,0.020626,0.21809,0.00027811
1113,0.021049,0.22165,0.00025199
1114,0.02145,0.22479,0.00026318
1115,0.02166,0.22762,0.00016617
1116,0.021963,0.23051,0.00024826
1117,0.022202,0.2331,0.00035647
1118,0.022539,0.23569,0.00017736
1119,0.022992,0.23801,9.9001e-05
1120,0.023007,0.24,0.00017736
1121,0.023232,0.24208,0.00027065
1122,0.023423,0.24379,0.00027438
1123,0.023513,0.24529,0.00013258
1124,0.023943,0.24665,0.00022587
1125,0.024086,0.24806,0.00023706
1126,0.024213,0.24946,-5.4782e-06
1127,0.024467,0.25053,0.00017736
1128,0.024482,0.25151,0.00023706
1129,0.024692,0.25245,4.303e-05
1130,0.02507,0.25341,3.1836e-05
1131,0.02513,0.25414,-3.1598e-05
1132,0.025209,0.25507,2.4373e-05
1133,0.025403,0.25587,0.00012885
1134,0.025594,0.25644,-1.6672e-05
1135,0.025718,0.25749,-4.2792e-05
1136,0.025763,0.2584,-2.7867e-05
1137,0.026111,0.25939,5.4224e-05
1138,0.026354,0.2603,0.0001102
1139,0.026377,0.26099,-0.00018459
1140,0.026556,0.26195,-0.00015847
1141,0.026605,0.26275,-8.3838e-05
1142,0.026691,0.26341,-0.00010996
1143,0.026901,0.26397,3.5567e-05
1144,0.026987,0.2643,-0.00013981
1145,0.02723,0.26459,-0.00012115
1146,0.027215,0.26451,2.0642e-05
1147,0.027264,0.26412,-1.6672e-05
1148,0.027511,0.26404,9.1538e-05
1149,0.027301,0.26362,-2.7867e-05
1150,0.027316,0.26289,-7.6375e-05
1151,0.027286,0.26226,2.8104e-05
1152,0.027043,0.26113,-8.7569e-05
1153,0.026979,0.25963,-9.8763e-05
1154,0.026893,0.25791,-0.00012861
1155,0.026747,0.25619,-0.00028906
1156,0.026508,0.25415,-0.00021444
1157,0.026201,0.25155,-4.2792e-05
1158,0.025808,0.24903,-2.0404e-05
1159,0.025609,0.24625,-6.1449e-05
1160,0.02531,0.24301,-0.00013608
1161,0.024917,0.23958,-0.00010996
1162,0.024636,0.23598,-0.00013981
1163,0.024127,0.23236,-0.00020324
1164,0.023633,0.2284,-0.00022936
1165,0.02318,0.22412,-0.00017339
1166,0.022614,0.2198,-0.00010996
1167,0.022135,0.21518,-0.00030026
1168,0.021693,0.2104,-0.00024429
1169,0.021106,0.20532,-0.00027414
1170,0.020499,0.20005,-0.00027787
1171,0.01993,0.19463,-6.1449e-05
1172,0.019354,0.18899,-0.0002816
1173,0.01883,0.18325,-0.00028533
1174,0.018216,0.1772,-0.00017339
1175,0.017508,0.17135,-0.00021071
1176,0.016961,0.16527,-0.00021444
1177,0.016306,0.15907,-0.00018459
1178,0.015595,0.15299,-9.8763e-05
1179,0.014925,0.14618,-0.00016593
1180,0.014083,0.13958,-0.00015473
1181,0.013424,0.13324,-0.00027787
1182,0.012802,0.12646,-0.00037116
1183,0.012099,0.1196,-0.00028533
1184,0.011455,0.11296,-0.00016966
1185,0.010788,0.10644,-7.6375e-05
1186,0.010006,0.099768,-0.00019951
1187,0.0092833,0.093101,-0.00020324
1188,0.0086881,0.086561,-0.00025175
1189,0.0079394,0.08031,-0.0002219
1190,0.0073366,0.074073,-7.6375e-05
1191,0.0067339,0.06791,-0.00022563
1192,0.0060151,0.061827,-0.00030026
1193,0.0055959,0.055728,-0.00025175
1194,0.0050605,0.049996,-0.00033384
1195,0.0043455,0.044297,-0.00030772
1196,0.0037989,0.038658,-0.00020697
1197,0.0032786,0.033053,-0.0002219
1198,0.0027994,0.027686,-0.00017339
1199,0.0021368,0.022395,-0.00023682
1200,0.0015865,0.016891,-0.00035623
1201,0.001257,0.011749,-0.00031518
1202,0.0007142,0.0066327,-0.00026668
1203,0.00016764,0.0014384,-0.00034877
1204,-0.00030031,-0.0038941,-0.00037116
1205,-0.00072334,-0.0093126,-0.00021817
1206,-0.001341,-0.014578,-0.00016966
1207,-0.0019812,-0.020064,-0.00024429
1208,-0.0023443,-0.02537,-0.00027787
1209,-0.002816,-0.030647,-0.00019578
1210,-0.0033626,-0.036506,-0.00022936
1211,-0.0038979,-0.042257,-0.00037489
1212,-0.0046279,-0.047664,-0.00025921
1213,-0.0053055,-0.053393,-0.00018459
1214,-0.0057061,-0.059376,-0.00018459
1215,-0.0061553,-0.065557,-0.00024429
1216,-0.0069826,-0.071891,-0.00031892
1217,-0.007679,-0.078255,-0.00019578
1218,-0.0081432,-0.08488,-0.00023309
1219,-0.0088956,-0.091566,-0.00030399
1220,-0.0096107,-0.098423,-0.0003525
1221,-0.010371,-0.10556,-0.00021071
1222,-0.011157,-0.11266,-0.00015847
1223,-0.011726,-0.11984,-0.0002928
1224,-0.012482,-0.12713,-0.0001622
1225,-0.013351,-0.1342,-0.00017712
1226,-0.014118,-0.14125,-0.000151
1227,-0.014732,-0.14838,-0.00014354
1228,-0.01557,-0.1551,-0.00025175
1229,-0.016297,-0.16162,-0.0001622
1230,-0.016694,-0.16812,-7.2643e-05
1231,-0.01742,-0.17438,-0.00013235
1232,-0.018071,-0.18031,-0.00025921
1233,-0.018629,-0.18605,-0.00028533
1234,-0.01943,-0.19186,-0.00023682
1235,-0.02001,-0.19732,-0.00018459
1236,-0.020381,-0.20241,-0.00019578
1237,-0.021085,-0.20725,-0.00049056
1238,-0.021848,-0.21185,-0.00063235
1239,-0.022163,-0.21611,-0.00051295
1240,-0.022515,-0.21979,-0.00050922
1241,-0.023005,-0.22335,-0.00038608
1242,-0.023387,-0.22662,-0.0004719
1243,-0.023776,-0.2296,-0.00056892
1244,-0.024031,-0.23263,-0.00045325
1245,-0.024237,-0.23542,-0.00039727
1246,-0.024593,-0.23785,-0.00058011
1247,-0.024851,-0.24004,-0.00055773
1248,-0.025113,-0.24208,-0.00030026
1249,-0.025386,-0.24389,-0.00049802
1250,-0.025547,-0.24566,-0.00042713
1251,-0.025817,-0.2472,-0.00043086
1252,-0.025966,-0.24866,-0.00057638
1253,-0.026094,-0.25027,-0.00041966
1254,-0.026296,-0.25145,-0.00043832
1255,-0.026521,-0.25247,-0.00039727
1256,-0.026794,-0.25357,-0.00040101
1257,-0.026827,-0.25446,-0.00037489
1258,-0.026973,-0.2555,-0.00031145
1259,-0.027082,-0.25633,-0.00036369
1260,-0.027236,-0.25697,-0.00030399
1261,-0.02749,-0.25799,-0.00027414
1262,-0.027501,-0.25881,-0.00043086
1263,-0.027775,-0.25952,-0.00051295
1264,-0.028048,-0.26037,-0.00044205
1265,-0.028123,-0.26124,-0.00055773
1266,-0.028183,-0.26213,-0.00048683
1267,-0.028433,-0.26308,-0.00024056
1268,-0.028636,-0.26396,-0.00033757
1269,-0.028617,-0.26456,-0.0004719
1270,-0.028901,-0.26531,-0.00040474
1271,-0.028842,-0.2659,-0.00021071
1272,-0.028905,-0.26622,-0.00020697
1273,-0.029298,-0.26639,-0.00031892
1274,-0.029212,-0.26634,-0.00028906
1275,-0.029085,-0.26613,-0.00026294
1276,-0.029055,-0.26576,-0.00021817
1277,-0.02925,-0.26538,-0.00016593
1278,-0.029354,-0.26466,-0.00012115
1279,-0.029145,-0.26381,-0.00017712
1280,-0.028961,-0.26272,-0.00027787
1281,-0.029021,-0.26127,-0.00026668
1282,-0.028924,-0.25958,-0.00013608
1283,-0.028493,-0.25752,-0.00021071
1284,-0.028265,-0.25511,-0.00024056
1285,-0.028003,-0.25245,-7.6375e-05
1286,-0.027756,-0.24976,-0.00018459
1287,-0.027498,-0.2467,-0.00015473
1288,-0.027082,-0.24334,-0.00021817
1289,-0.026816,-0.23989,-0.00013981
1290,-0.026494,-0.23632,5.4224e-05
1291,-0.025903,-0.23253,-0.00018459
1292,-0.025367,-0.22829,-0.00012861
1293,-0.025105,-0.22398,1.9846e-06
1294,-0.024623,-0.21965,5.0493e-05
1295,-0.024046,-0.21496,-0.00012115
1296,-0.023563,-0.21022,-0.00020697
1297,-0.022975,-0.20527,3.9299e-05
1298,-0.022451,-0.19976,-0.00019205
1299,-0.02195,-0.19444,-8.0106e-05
1300,-0.021193,-0.1888,0.00016243
1301,-0.02049,-0.18279,6.915e-05
1302,-0.019962,-0.17708,8.0344e-05
1303,-0.019265,-0.17105,-5.4782e-06
1304,-0.018689,-0.16494,-9.2096e-06
1305,-0.018011,-0.15867,5.0493e-05
1306,-0.017416,-0.15224,6.1687e-05
1307,-0.016712,-0.14595,-8.3838e-05
1308,-0.015885,-0.13927,-1.2941e-05
1309,-0.01538,-0.13248,-9.2096e-06
1310,-0.014511,-0.12589,-6.5181e-05
1311,-0.013916,-0.11926,0.0001102
1312,-0.013354,-0.11246,-8.0106e-05
1313,-0.012426,-0.10592,-2.4135e-05
1314,-0.011778,-0.099372,-6.8912e-05
1315,-0.011175,-0.092765,-0.00023309
1316,-0.010584,-0.086547,-3.5329e-05
1317,-0.0099101,-0.080187,-0.00010996
1318,-0.00927,-0.073976,-8.0106e-05
1319,-0.0085999,-0.068004,1.9846e-06
1320,-0.007941,-0.061939,3.5567e-05
1321,-0.0074693,-0.055979,0.00012139
1322,-0.0068666,-0.050127,-5.7718e-05
1323,-0.0062452,-0.044417,-4.6524e-05
1324,-0.0055975,-0.038853,0.00010646
1325,-0.0049836,-0.033311,4.6761e-05
1326,-0.0044557,-0.027807,-1.7468e-06
1327,-0.0039765,-0.022586,-0.00010249
1328,-0.0035161,-0.017347,-0.00014727
1329,-0.0029882,-0.011981,-8.3838e-05
1330,-0.0025652,-0.0066931,-2.7867e-05
1331,-0.0019962,-0.0013829,-1.6672e-05
1332,-0.0013785,0.0039907,-0.00014354
1333,-0.0010153,0.0093084,-0.00019205
1334,-0.00053242,0.014592,-0.00015847
1335,8.5278e-05,0.020108,-6.5181e-05
1336,0.00054948,0.025564,6.915e-05
1337,0.00099497,0.031083,-3.9061e-05
1338,0.0016314,0.036741,-0.00012115
1339,0.0022603,0.042429,-5.4782e-06
1340,0.0027807,0.048314,5.7956e-05
1341,0.0034171,0.054215,3.9299e-05
1342,0.0041621,0.060298,-9.5032e-05
1343,0.0046974,0.066513,-0.00017339
1344,0.0052702,0.072806,-0.00019951
1345,0.0060638,0.079319,-0.00027041
1346,0.0066104,0.085945,-0.00011369
1347,0.0072243,0.092854,1.691e-05
1348,0.0079843,0.099883,-9.8763e-05
1349,0.0085645,0.1067,-3.9061e-05
1350,0.0094256,0.11374,-5.3986e-05
1351,0.010219,0.12089,-7.2643e-05
1352,0.010818,0.12789,2.4373e-05
1353,0.011604,0.13501,-0.00018085
1354,0.012323,0.14205,-4.6524e-05
1355,0.012993,0.14899,1.691e-05
1356,0.01366,0.15574,-0.00013235
1357,0.014461,0.1623,-7.2643e-05
1358,0.015194,0.16871,-0.00021817
1359,0.015685,0.17488,-0.00011742
1360,0.016411,0.18096,-0.00013235
1361,0.017014,0.18675,-0.0001622
1362,0.017647,0.1923,9.527e-05
1363,0.01832,0.19761,4.6761e-05
1364,0.018538,0.20281,-6.5181e-05
1365,0.019238,0.20772,1.691e-05
1366,0.01996,0.21205,0.00023333
1367,0.020316,0.21626,0.00025945
1368,0.020915,0.22015,0.00023706
1369,0.021117,0.22361,6.1687e-05
1370,0.021469,0.22694,-1.6672e-05
1371,0.022027,0.23005,0.00031169
1372,0.022221,0.23293,0.00034154
1373,0.022502,0.23551,0.0002296
1374,0.022783,0.23797,0.00014378
1375,0.023011,0.24032,0.00010646
1376,0.023273,0.24254,0.00012139
1377,0.023539,0.24438,0.00012512
1378,0.02373,0.24592,0.00012885
1379,0.024007,0.24775,0.00014005
1380,0.024198,0.24921,0.00027438
1381,0.024284,0.25051,7.2881e-05
1382,0.024643,0.25197,-5.7718e-05
1383,0.024872,0.25282,0.00018109
1384,0.025006,0.25384,0.00023333
1385,0.025123,0.25492,7.6613e-05
1386,0.02522,0.2557,-5.3986e-05
1387,0.025373,0.25654,0.00014378
1388,0.025358,0.2572,6.5418e-05
1389,0.025516,0.25797,3.9299e-05
1390,0.025766,0.25886,0.00022214
1391,0.02592,0.25982,-3.5329e-05
1392,0.026231,0.26082,3.5567e-05
1393,0.026373,0.26172,-5.4782e-06
1394,0.026425,0.26273,-8.0106e-05
1395,0.026777,0.26377,-9.2096e-06
1396,0.026908,0.26458,-9.13e-05
1397,0.027017,0.26531,4.6761e-05
1398,0.027193,0.26606,-7.2643e-05
1399,0.027058,0.26664,-0.00011369
1400,0.027181,0.26706,-2.4135e-05
1401,0.027402,0.26739,3.1836e-05
1402,0.027436,0.2674,-6.1449e-05
1403,0.027473,0.26723,-0.00020324
1404,0.027511,0.26686,-9.5032e-05
1405,0.027533,0.26648,-8.0106e-05
1406,0.027605,0.26601,-7.2643e-05
1407,0.027631,0.26497,-2.7867e-05
1408,0.027462,0.26383,0.00015124
1409,0.027331,0.2624,-8.7569e-05
1410,0.027193,0.26051,-0.00026294
1411,0.026904,0.25855,-2.0404e-05
1412,0.026612,0.25619,-0.00018459
1413,0.026399,0.25358,-0.00018085
1414,0.026193,0.25087,-8.0106e-05
1415,0.025946,0.24771,-9.13e-05
1416,0.025501,0.24438,5.716e-06
1417,0.025021,0.24097,1.9846e-06
1418,0.024673,0.2374,-0.00011369
1419,0.02416,0.23355,-0.00019578
1420,0.02379,0.22927,-0.00015473
1421,0.02343,0.22507,-0.00021817
1422,0.023011,0.22063,-0.00011742
1423,0.022633,0.21591,-4.6524e-05
1424,0.021817,0.21107,-0.00025548
1425,0.021203,0.20583,-0.00030026
1426,0.020641,0.20071,-0.00026294
1427,0.019994,0.19538,-0.00018832
1428,0.019593,0.18948,-0.00013981
1429,0.018938,0.18362,-0.00021071
1430,0.018343,0.17801,-0.00036742
1431,0.017639,0.17212,-0.00039727
1432,0.016842,0.16579,-0.00019578
1433,0.016329,0.15948,-0.00020697
1434,0.015625,0.15307,-0.0002928
1435,0.014798,0.14655,-0.00023309
1436,0.014184,0.13976,-0.00031518
1437,0.013573,0.13293,-0.00033011
1438,0.012825,0.12624,-0.00016593
1439,0.012087,0.11946,-0.00034877
1440,0.011413,0.11295,-0.0004122
1441,0.010698,0.1061,-0.00022936
1442,0.0099759,0.099308,-0.00032638
1443,0.0093694,0.092877,-0.00023682
1444,0.008733,0.086259,-0.00024056
1445,0.0079918,0.080085,-0.00030772
1446,0.0074826,0.0738,-0.00034877
1447,0.0069286,0.067563,-0.00038235
1448,0.0060975,0.061838,-0.00015847
1449,0.0054798,0.055739,-0.00038608
1450,0.0048846,0.049854,-0.00033384
1451,0.0043567,0.044237,-0.00014354
1452,0.0038513,0.038471,-0.00040474
1453,0.0030839,0.033023,-0.00028533
1454,0.002586,0.027537,-0.00021071
1455,0.0020731,0.022115,-0.00016593
1456,0.0016089,0.016808,-0.0002219
1457,0.0012683,0.01145,-0.00031145
1458,0.00057569,0.0061694,-0.00018459
1459,0.00012271,0.00073964,-0.00020697
1460,-0.00033026,-0.0046677,-0.00025548
1461,-0.00098165,-0.010131,-0.00036369
1462,-0.0014309,-0.015568,-0.00021444
1463,-0.0019587,-0.021129,-0.00024802
1464,-0.0024229,-0.026798,-0.00039354
1465,-0.0029283,-0.032108,-0.00011742
1466,-0.003561,-0.037709,-0.00016593
1467,-0.0041637,-0.043651,-0.00044578
1468,-0.0047964,-0.049443,-0.00041593
1469,-0.0053467,-0.055295,-0.00024429
1470,-0.0058521,-0.0613,-0.00031145
1471,-0.006481,-0.067515,-0.00031145
1472,-0.007196,-0.074006,-0.00027787
1473,-0.0077164,-0.080639,-0.00029653
1474,-0.0084464,-0.08722,-0.00014354
1475,-0.0092026,-0.093995,-0.00015847
1476,-0.0097716,-0.10111,-0.00025921
1477,-0.010678,-0.10814,-0.00025921
1478,-0.011467,-0.11508,-0.00030399
1479,-0.012171,-0.12222,-0.0003413
1480,-0.012939,-0.12954,-0.00027041
1481,-0.013665,-0.13671,-0.00020697
1482,-0.014328,-0.14368,-0.00017339
1483,-0.014852,-0.1506,-0.00017339
1484,-0.015754,-0.15732,-0.00031145
1485,-0.016634,-0.16408,-0.00037489
1486,-0.017098,-0.1707,-0.00021444
1487,-0.017637,-0.17676,-0.00011742
1488,-0.018273,-0.18283,-0.00018459
1489,-0.01903,-0.18876,-9.8763e-05
1490,-0.01973,-0.19426,-0.0001622
1491,-0.020085,-0.19968,-0.00031145
1492,-0.020744,-0.20468,-0.00020697
1493,-0.021452,-0.2097,-0.00037862
1494,-0.021886,-0.21433,-0.00070325
1495,-0.022354,-0.21823,-0.00065101
1496,-0.022725,-0.22222,-0.00040847
1497,-0.02317,-0.22567,-0.00054653
1498,-0.023514,-0.22904,-0.00070325
1499,-0.023881,-0.23219,-0.00049802
1500,-0.024271,-0.23508,-0.00049056
1501,-0.024608,-0.2377,-0.00047563
1502,-0.024963,-0.23983,-0.00044951
1503,-0.025158,-0.24224,-0.00051668
1504,-0.025371,-0.24423,-0.00053534
1505,-0.025513,-0.24605,-0.00049802
1506,-0.025847,-0.24781,-0.00037862
1507,-0.02609,-0.24945,-0.00038608
1508,-0.026214,-0.25094,-0.00028906
1509,-0.026434,-0.25214,-0.00043832
1510,-0.026547,-0.25345,-0.00053161
1511,-0.026693,-0.2544,-0.00033384
1512,-0.026809,-0.25535,-0.00049802
1513,-0.027033,-0.25634,-0.00047563
1514,-0.027164,-0.25717,-0.00040101
1515,-0.027176,-0.25798,-0.00038981
1516,-0.027355,-0.25876,-0.00023309
1517,-0.027614,-0.25954,-0.00028533
1518,-0.027797,-0.26022,-0.00028533
1519,-0.028029,-0.26127,-0.00035996
1520,-0.028332,-0.26224,-0.00043459
1521,-0.028411,-0.26304,-0.00036742
1522,-0.028557,-0.26416,-0.00037862
1523,-0.028669,-0.26512,-0.00028906
1524,-0.028699,-0.26603,-0.00030399
1525,-0.029066,-0.26685,-0.00031518
1526,-0.029321,-0.26736,-0.00031518
1527,-0.029287,-0.26787,-0.00033757
1528,-0.029351,-0.26843,-0.00019951
1529,-0.029403,-0.26859,-0.00032265
1530,-0.029437,-0.26854,-0.00035996
1531,-0.029478,-0.26845,-0.00014727
1532,-0.029564,-0.2681,-0.00015473
1533,-0.029654,-0.26768,-0.00018085
1534,-0.029523,-0.26698,-0.00027414
1535,-0.029452,-0.26592,-0.00019205
1536,-0.029332,-0.26475,-7.6375e-05
1537,-0.02907,-0.26329,-0.00016593
1538,-0.029014,-0.26134,-0.00011369
1539,-0.028845,-0.25907,-0.00018459
1540,-0.028437,-0.2566,-0.00022563
1541,-0.028258,-0.25381,-0.00018832
1542,-0.028007,-0.25093,-0.000151
1543,-0.027666,-0.24793,-0.00010249
1544,-0.027348,-0.24461,-0.00024056
1545,-0.026816,-0.24106,-0.00022936
1546,-0.026367,-0.23725,-2.7867e-05
1547,-0.025985,-0.23354,-0.00012488
1548,-0.025626,-0.22965,-0.00030399
1549,-0.02521,-0.22527,1.9846e-06
1550,-0.0246,-0.22074,-8.0106e-05
1551,-0.02408,-0.21592,-0.00028906
1552,-0.023533,-0.21105,-2.4135e-05
1553,-0.023031,-0.2059,-0.00024056
1554,-0.022571,-0.20051,-0.00017712
1555,-0.021852,-0.19509,3.9299e-05
1556,-0.021122,-0.18943,-5.7718e-05
1557,-0.020695,-0.18352,0.0001587
1558,-0.0201,-0.17773,-5.0255e-05
1559,-0.019337,-0.17189,-0.00020324
1560,-0.018884,-0.16539,-0.00012861
1561,-0.018198,-0.15903,-0.00027041
1562,-0.017352,-0.15261,1.3179e-05
1563,-0.016697,-0.14607,7.2881e-05
1564,-0.016046,-0.13956,-9.13e-05
1565,-0.015275,-0.13266,5.0493e-05
1566,-0.0145,-0.12605,1.9846e-06
1567,-0.013942,-0.11923,-0.00011369
1568,-0.013223,-0.11232,-1.2941e-05
1569,-0.012463,-0.10568,1.3179e-05
1570,-0.011673,-0.099013,-0.00017712
1571,-0.011108,-0.092661,-0.00018832
1572,-0.010633,-0.086304,-5.0255e-05
1573,-0.0097604,-0.079888,1.691e-05
1574,-0.0091876,-0.073572,8.7807e-05
1575,-0.0085887,-0.067545,-7.6375e-05
1576,-0.0079111,-0.061603,-0.00016966
1577,-0.0073944,-0.055729,-6.1449e-05
1578,-0.006758,-0.050127,-0.00011742
1579,-0.006174,-0.044208,-0.00019578
1580,-0.00562,-0.038528,-0.00010249
1581,-0.0051108,-0.033147,-2.7867e-05
1582,-0.0044969,-0.027721,-8.0106e-05
1583,-0.0040402,-0.022287,-0.00019578
1584,-0.0035647,-0.016805,-0.00013235
1585,-0.0029021,-0.011648,-9.2096e-06
1586,-0.0025203,-0.0062409,-0.00018832
1587,-0.0020336,-0.00080371,-0.00017339
1588,-0.0014721,0.0044167,-0.00010249
1589,-0.0009255,0.0098502,-0.00021444
1590,-0.00027785,0.015489,-0.00010623
1591,9.6509e-05,0.021158,-6.8912e-05
1592,0.00050831,0.026468,-0.00017339
1593,0.001272,0.031831,-9.8763e-05
1594,0.0018298,0.037585,-3.9061e-05
1595,0.0023052,0.04343,3.9299e-05
1596,0.0029342,0.049204,7.6613e-05
1597,0.0034358,0.05522,-9.5032e-05
1598,0.0039973,0.061251,-3.1598e-05
1599,0.0045776,0.067511,-3.1598e-05
1600,0.0053975,0.074248,-0.00020697
1601,0.00612,0.080579,-0.00013608
1602,0.0066478,0.087256,-0.00014354
1603,0.0074976,0.094256,-0.00013981
1604,0.0082126,0.10087,2.8104e-05
1605,0.0088603,0.10803,-6.8912e-05
1606,0.009639,0.11524,-5.0255e-05
1607,0.010433,0.1223,4.303e-05
1608,0.010994,0.12954,-0.00022936
1609,0.01169,0.13644,-0.00021817
1610,0.012488,0.14332,-5.7718e-05
1611,0.013192,0.15024,-2.4135e-05
1612,0.014023,0.15701,-5.0255e-05
1613,0.014536,0.16371,-3.5329e-05
1614,0.015254,0.17016,0.00010273
1615,0.015981,0.17648,-6.8912e-05
1616,0.016516,0.18253,-8.7569e-05
1617,0.017216,0.18834,-0.00011369
1618,0.017804,0.19413,-0.00019205
1619,0.018481,0.19933,2.0642e-05
1620,0.018979,0.20421,-7.2643e-05
1621,0.019402,0.20928,2.0642e-05
1622,0.020084,0.21376,0.00023706
1623,0.020503,0.21785,0.00012885
1624,0.020862,0.22192,0.0001102
1625,0.021409,0.22545,0.00014005
1626,0.021667,0.22877,0.00018109
1627,0.022094,0.23201,0.00026318
1628,0.022547,0.23467,0.00027438
1629,0.022715,0.23707,0.00021094
1630,0.022955,0.23944,0.00031915
1631,0.02306,0.24143,0.00024079
1632,0.023299,0.2435,4.303e-05
1633,0.023659,0.24549,0.0001699
1634,0.023962,0.24712,0.00025572
1635,0.024134,0.24873,0.00018855
1636,0.024183,0.25007,-9.2096e-06
1637,0.024471,0.25147,0.0001587
1638,0.024767,0.25275,0.00031169
1639,0.024868,0.25371,-4.6524e-05
1640,0.025006,0.25469,-1.6672e-05
1641,0.025066,0.25556,5.7956e-05
1642,0.02522,0.25646,-7.2643e-05
1643,0.025478,0.25716,-9.2096e-06
1644,0.025437,0.25792,-2.4135e-05
1645,0.025639,0.25897,9.4474e-06
1646,0.025995,0.25977,9.4474e-06
1647,0.026017,0.26047,6.915e-05
1648,0.026189,0.26156,0.00016243
1649,0.026496,0.26282,9.4474e-06
1650,0.026717,0.26381,1.3179e-05
1651,0.026833,0.26467,-1.2941e-05
1652,0.026964,0.26562,-7.6375e-05
1653,0.027028,0.26635,-9.2096e-06
1654,0.027137,0.267,-2.7867e-05
1655,0.02741,0.26772,2.8104e-05
1656,0.027376,0.26804,5.716e-06
1657,0.027586,0.26822,-0.00015847
1658,0.027747,0.26841,-0.00018459
1659,0.027597,0.26842,-0.00013981
1660,0.027788,0.26822,-0.00010249
1661,0.027788,0.26758,-3.5329e-05
1662,0.027679,0.26688,-8.0106e-05
1663,0.027642,0.26603,-0.00011742
1664,0.027556,0.26478,-6.8912e-05
1665,0.027327,0.2632,-9.13e-05
1666,0.02711,0.26124,-0.00011369
1667,0.027024,0.25911,-0.00014727
1668,0.026702,0.25664,-0.00018832
1669,0.02647,0.25393,-0.00020324
1670,0.026159,0.25117,-7.2643e-05
1671,0.025845,0.24813,-6.8912e-05
1672,0.025508,0.24491,-0.00021071
1673,0.025025,0.24152,-0.00011369
1674,0.024801,0.23789,-5.3986e-05
1675,0.024381,0.23397,-3.5329e-05
1676,0.023906,0.22986,-9.13e-05
1677,0.023378,0.22566,-0.00025548
1678,0.022914,0.22112,-0.00024429
1679,0.022536,0.21633,-9.5032e-05
1680,0.021836,0.21145,-0.00016966
1681,0.021398,0.20637,-0.00036742
1682,0.020825,0.20115,-0.0003525
1683,0.020114,0.19562,-0.0002219
1684,0.019571,0.18991,-0.00015473
1685,0.018938,0.18435,-0.00017339
1686,0.01835,0.1785,-0.00020324
1687,0.017624,0.17227,-0.00018832
1688,0.017021,0.16606,-9.5032e-05
1689,0.016231,0.15971,-0.00027787
1690,0.015374,0.15319,-0.00035623
1691,0.014858,0.1466,-0.00013235
1692,0.014217,0.1399,-0.00027414
1693,0.013596,0.13314,-0.00033011
1694,0.012784,0.1263,-0.00019578
1695,0.012009,0.11948,-0.00030399
1696,0.011511,0.1127,-0.00030772
1697,0.010732,0.10593,-0.00027787
1698,0.009901,0.0992,-0.00039354
1699,0.009171,0.092589,-0.0003525
1700,0.0086132,0.086165,-0.00039727
1701,0.0080891,0.079768,-0.00038608
1702,0.007389,0.073407,-0.00031892
1703,0.006835,0.067301,-0.00044578
1704,0.0062435,0.061434,-0.00027414
1705,0.005521,0.055653,-5.7718e-05
1706,0.0048921,0.049749,-0.00024429
1707,0.0044017,0.044103,-0.00027414
1708,0.0038888,0.038609,-0.00014354
1709,0.0032673,0.033083,-0.0003525
1710,0.0027956,0.027851,-0.00030026
1711,0.0022341,0.022275,-0.00019951
1712,0.0017025,0.016749,-0.00026294
1713,0.0013019,0.011506,-0.00018459
1714,0.000542,0.0060722,-0.00024802
1715,-5.6979e-05,0.00068358,-0.00021817
1716,-0.00041262,-0.0047723,-0.00024802
1717,-0.0009255,-0.010217,-0.00021817
1718,-0.0014384,-0.01555,-0.00031518
1719,-0.0020748,-0.021058,-0.00046444
1720,-0.0024903,-0.026626,-0.00018832
1721,-0.0029358,-0.032082,-0.00025175
1722,-0.0036171,-0.037773,-0.0002928
1723,-0.0040477,-0.043498,-0.00025548
1724,-0.0047814,-0.049339,-0.00020324
1725,-0.0054365,-0.055422,2.0642e-05
1726,-0.0058895,-0.061584,-0.00025548
1727,-0.0065596,-0.067937,-0.00039354
1728,-0.0072484,-0.074238,-0.00040101
1729,-0.0080571,-0.080781,-0.00030399
1730,-0.0085138,-0.087444,-0.00013608
1731,-0.0091876,-0.094148,-0.00023682
1732,-0.010041,-0.10109,-0.00021817
1733,-0.010577,-0.10814,-0.00035996
1734,-0.011307,-0.11517,-0.00028906
1735,-0.012078,-0.12224,-0.00031518
1736,-0.012913,-0.1295,-0.00032638
1737,-0.013624,-0.13649,-0.00014354
1738,-0.014301,-0.14355,-0.00034877
1739,-0.015103,-0.15064,-0.00018459
1740,-0.015761,-0.15736,-6.5181e-05
1741,-0.016443,-0.16408,-0.0002816
1742,-0.017132,-0.17058,-0.00034504
1743,-0.017723,-0.17695,-0.00028533
1744,-0.018412,-0.18316,-0.00024802
1745,-0.019123,-0.18901,-0.00019951
1746,-0.019632,-0.19464,-0.00022936
1747,-0.020201,-0.19998,-0.00037489
1748,-0.02089,-0.20518,-0.00037862
1749,-0.021542,-0.21023,-0.0006025
1750,-0.022111,-0.2147,-0.00062862
1751,-0.022474,-0.21884,-0.00058011
1752,-0.022844,-0.22283,-0.00063235
1753,-0.023301,-0.22634,-0.00044951
1754,-0.023668,-0.22958,-0.00044205
1755,-0.024068,-0.23264,-0.00044578
1756,-0.024357,-0.23535,-0.0004831
1757,-0.024477,-0.23767,-0.00053534
1758,-0.02475,-0.23988,-0.00066967
1759,-0.025132,-0.24208,-0.00065847
1760,-0.025315,-0.24395,-0.00032265
1761,-0.025566,-0.24569,-0.00049429
1762,-0.025873,-0.24739,-0.00050922
1763,-0.025978,-0.24899,-0.00037489
1764,-0.026135,-0.25032,-0.00057638
1765,-0.026408,-0.25162,-0.00038981
1766,-0.02664,-0.25284,-0.00039727
1767,-0.026558,-0.25365,-0.00051668
1768,-0.02685,-0.25471,-0.00042713
1769,-0.027116,-0.25551,-0.00052041
1770,-0.026932,-0.25625,-0.00045325
1771,-0.027228,-0.25716,-0.00037489
1772,-0.027344,-0.25782,-0.00043459
1773,-0.027557,-0.25877,-0.00039354
1774,-0.027838,-0.25955,-0.00028906
1775,-0.027894,-0.26046,-0.00036369
1776,-0.028175,-0.26156,-0.00041593
1777,-0.028224,-0.26258,-0.00038235
1778,-0.028321,-0.26372,-0.0004122
1779,-0.028452,-0.26464,-0.00035996
1780,-0.0288,-0.26544,-0.00028533
1781,-0.029017,-0.266,-0.00015847
1782,-0.028853,-0.26662,-0.00018085
1783,-0.029122,-0.26734,-0.00033384
1784,-0.029306,-0.26745,-0.00024429
1785,-0.02928,-0.2677,-0.00016593
1786,-0.029448,-0.26811,-0.0001622
1787,-0.029504,-0.26791,-0.00017712
1788,-0.029414,-0.26753,-0.00035623
1789,-0.029504,-0.26699,-0.00021817
1790,-0.0295,-0.26637,-0.00020697
1791,-0.029238,-0.26538,-0.00036369
1792,-0.029178,-0.26398,-0.00011742
1793,-0.02916,-0.26247,-0.00018832
1794,-0.028804,-0.26035,-0.00025175
1795,-0.028579,-0.25801,-0.00012861
1796,-0.028486,-0.2555,-0.00033757
1797,-0.028037,-0.25278,-0.00026668
1798,-0.027748,-0.24995,-0.00016966
1799,-0.027599,-0.24686,-0.00026668
1800,-0.027187,-0.24374,-0.00012861
1801,-0.026854,-0.24015,-0.00022936
1802,-0.026419,-0.23649,-0.00020697
1803,-0.025884,-0.23283,1.9846e-06
1804,-0.025641,-0.22862,-0.00013981
1805,-0.025128,-0.2243,-0.00023682
1806,-0.02448,-0.21971,-0.0001622
1807,-0.024087,-0.21494,-0.00021071
1808,-0.023544,-0.21014,-0.00015473
1809,-0.022871,-0.20511,0.0001102
1810,-0.022223,-0.20003,-2.0404e-05
1811,-0.021721,-0.19463,-0.00012861
1812,-0.02125,-0.18896,-2.7867e-05
1813,-0.020677,-0.18328,-6.8912e-05
1814,-0.019988,-0.17729,-0.00011369
1815,-0.019396,-0.17117,-7.2643e-05
1816,-0.018827,-0.16501,-3.9061e-05
1817,-0.017892,-0.1586,-0.00011742
1818,-0.01718,-0.15213,-8.0106e-05
1819,-0.016652,-0.14544,-0.00010623
1820,-0.015907,-0.13874,-0.00014727
1821,-0.015245,-0.13207,-3.9061e-05
1822,-0.014515,-0.12521,8.7807e-05
1823,-0.013766,-0.11848,8.7807e-05
1824,-0.013017,-0.11179,-0.00010623
1825,-0.012299,-0.1051,-5.7718e-05
1826,-0.011842,-0.098479,7.2881e-05
1827,-0.011146,-0.091939,-0.00017712
1828,-0.010367,-0.085602,-9.8763e-05
1829,-0.0097641,-0.079324,-1.7468e-06
1830,-0.0091951,-0.073109,-0.00014727
1831,-0.0086149,-0.067033,1.691e-05
1832,-0.0078624,-0.061106,-9.13e-05
1833,-0.0072934,-0.055213,-9.2096e-06
1834,-0.006758,-0.049585,7.6613e-05
1835,-0.0060992,-0.043886,-2.7867e-05
1836,-0.0055264,-0.038236,8.7807e-05
1837,-0.0049798,-0.033001,-2.7867e-05
1838,-0.0044857,-0.027545,1.9846e-06
1839,-0.0040102,-0.022254,1.691e-05
1840,-0.0035086,-0.017093,3.5567e-05
1841,-0.0029208,-0.011715,5.0493e-05
1842,-0.0024304,-0.0064053,-4.6524e-05
1843,-0.0019475,-0.00090834,-7.2643e-05
1844,-0.0014009,0.004428,-0.00017712
1845,-0.0010079,0.0096372,-0.00012115
1846,-0.0005736,0.015033,-3.9061e-05
1847,4.4098e-05,0.020287,-5.4782e-06
1848,0.00057943,0.025702,-8.7569e-05
1849,0.0011747,0.031337,-0.00012115
1850,0.0018261,0.036902,-3.5329e-05
1851,0.0023015,0.042537,-8.7569e-05
1852,0.0029379,0.048281,-0.00010249
1853,0.0034545,0.054211,-2.4135e-05
1854,0.0039487,0.060354,-8.3838e-05
1855,0.0045926,0.066558,-0.00019205
1856,0.0051354,0.072993,-0.00010996
1857,0.0059964,0.079446,-3.9061e-05
1858,0.0067002,0.085814,-4.2792e-05
1859,0.0071794,0.092477,-4.2792e-05
1860,0.0079805,0.099289,1.3179e-05
1861,0.0087592,0.10628,-5.4782e-06
1862,0.0094368,0.11312,-5.7718e-05
1863,0.010163,0.12017,0.00014751
1864,0.010916,0.12748,7.6613e-05
1865,0.011634,0.13433,-0.00022563
1866,0.012304,0.1414,-0.00015847
1867,0.013079,0.14817,-3.9061e-05
1868,0.013768,0.15471,-6.1449e-05
1869,0.014277,0.16152,-9.13e-05
1870,0.015071,0.16792,-2.7867e-05
1871,0.015906,0.1743,2.4373e-05
1872,0.016422,0.18045,-8.3838e-05
1873,0.016887,0.18623,-0.00011369
1874,0.017497,0.1919,-2.0404e-05
1875,0.018163,0.19723,5.4224e-05
1876,0.018564,0.20219,-5.3986e-05
1877,0.0192,0.2071,0.00014378
1878,0.020005,0.21176,0.00039751
1879,0.020293,0.21592,0.00019602
1880,0.020683,0.21985,0.00028184
1881,0.021184,0.22336,0.00022587
1882,0.021472,0.22647,7.2881e-05
1883,0.021839,0.2294,0.00021467
1884,0.022262,0.23204,0.00016617
1885,0.022491,0.23428,0.00021467
1886,0.022652,0.23649,0.00025199
1887,0.023037,0.23861,2.8104e-05
1888,0.023326,0.24047,0.00018109
1889,0.023389,0.24226,0.00034154
1890,0.02367,0.24387,0.00015497
1891,0.023932,0.24536,0.00012512
1892,0.024033,0.24673,-6.8912e-05
1893,0.024288,0.24819,3.9299e-05
1894,0.0244,0.24945,0.00014751
1895,0.024486,0.2503,-8.0106e-05
1896,0.024561,0.25132,0.00011766
1897,0.024744,0.25218,0.00015124
1898,0.024875,0.25279,9.527e-05
1899,0.02489,0.25375,7.6613e-05
1900,0.025276,0.25462,-3.9061e-05
1901,0.025355,0.25544,9.4474e-06
1902,0.025422,0.25644,2.4373e-05
1903,0.025871,0.25732,0.00012885
1904,0.026085,0.25847,0.00012139
1905,0.02607,0.25962,5.716e-06
1906,0.026298,0.26051,8.7807e-05
1907,0.026496,0.26136,0.00012139
1908,0.026489,0.26223,8.7807e-05
1909,0.026815,0.26304,-9.8763e-05
1910,0.026897,0.26374,-0.00014354
1911,0.027002,0.26438,5.716e-06
1912,0.027133,0.26459,-6.8912e-05
1913,0.026987,0.26489,-9.8763e-05
1914,0.027144,0.26523,-0.00017712
1915,0.027208,0.26505,-2.7867e-05
1916,0.027294,0.26484,8.7807e-05
1917,0.027335,0.26448,-0.00013235
1918,0.027219,0.2639,5.7956e-05
1919,0.027241,0.26292,0.00013258
1920,0.027092,0.26143,-0.00016593
1921,0.027039,0.25988,-0.00027414
1922,0.026889,0.25795,-0.00013608
1923,0.026549,0.25573,-0.00013235
1924,0.026388,0.25344,-0.0001622
1925,0.026081,0.25091,-8.3838e-05
1926,0.025826,0.24818,-8.3838e-05
1927,0.025433,0.24511,-4.2792e-05
1928,0.024965,0.24195,-3.1598e-05
1929,0.02492,0.23881,-2.4135e-05
1930,0.024505,0.23525,-9.13e-05
1931,0.023838,0.23143,-0.00019205
1932,0.023546,0.22744,-0.00019578
1933,0.023153,0.22321,-0.00025175
1934,0.022581,0.21872,-0.00025548
1935,0.022027,0.21413,-0.00012488
1936,0.021517,0.20949,-0.00017339
1937,0.021049,0.20444,-0.00020697
1938,0.020409,0.19941,-0.0002219
1939,0.019949,0.19421,-0.00030399
1940,0.019447,0.18856,-0.00013981
1941,0.018747,0.18283,-0.00021071
1942,0.018223,0.177,-0.00025548
1943,0.01734,0.17094,-0.00019951
1944,0.016654,0.16464,-0.00030399
1945,0.016276,0.15831,-0.00027787
1946,0.015501,0.15178,-0.00031145
1947,0.014738,0.14517,-0.00031145
1948,0.014026,0.13859,-0.00022563
1949,0.013263,0.13188,-0.00024056
1950,0.012503,0.12514,-0.00031145
1951,0.011889,0.11824,-0.00028906
1952,0.011327,0.11154,-0.00033011
1953,0.01065,0.10482,-0.00029653
1954,0.0098561,0.097963,-0.00029653
1955,0.0091336,0.091569,-0.00029653
1956,0.0085795,0.085048,-9.13e-05
1957,0.0079281,0.078759,-0.00034877
1958,0.0072393,0.072742,-0.00045698
1959,0.0065954,0.066449,-0.00026294
1960,0.0059552,0.060545,-0.00021444
1961,0.0053488,0.054801,-0.00012861
1962,0.0048584,0.049062,-0.00035623
1963,0.0042669,0.043434,-0.00039727
1964,0.0037053,0.037918,-0.00014354
1965,0.0032074,0.032481,-0.00025548
1966,0.002586,0.02707,-0.00032638
1967,0.0022004,0.021801,-0.00035623
1968,0.0016801,0.016375,-0.00036742
1969,0.00095754,0.011053,-4.2792e-05
1970,0.00059815,0.0059115,-0.00013608
1971,0.00017887,0.00060884,-0.00040847
1972,-0.00048749,-0.0047461,-0.0004122
1973,-0.0010153,-0.0099741,-0.00028906
1974,-0.0014983,-0.01534,-0.00017339
1975,-0.0019288,-0.020721,-0.00033011
1976,-0.0023967,-0.025998,-0.00033011
1977,-0.0030406,-0.03157,-0.00028906
1978,-0.0036284,-0.037018,-0.00029653
1979,-0.0040814,-0.042616,-0.00028906
1980,-0.0046055,-0.048431,-0.00024429
1981,-0.0052456,-0.054215,-0.00020697
1982,-0.0058184,-0.060471,-0.00027414
1983,-0.0064623,-0.066768,-0.00031892
1984,-0.0071324,-0.07296,-0.00039727
1985,-0.0077426,-0.079331,-0.00032265
1986,-0.008409,-0.085934,-0.0003525
1987,-0.0091015,-0.092604,-0.00031892
1988,-0.0097978,-0.099305,-0.00018085
1989,-0.010464,-0.10617,-0.00022936
1990,-0.011198,-0.11316,-0.00023309
1991,-0.011992,-0.12019,-0.00033384
1992,-0.012759,-0.12715,-0.0004122
1993,-0.013377,-0.13424,-0.00043459
1994,-0.014009,-0.14128,-0.00023682
1995,-0.014833,-0.14825,-0.00016966
1996,-0.015541,-0.15508,-0.00030772
1997,-0.016259,-0.16176,-0.00024802
1998,-0.016933,-0.16839,-0.00020697
1999,-0.017506,-0.17469,-0.00015473
