,0,1,2
0,0.018253,0.17945,-0.00026294
1,0.01771,0.17329,-0.00032265
2,0.017089,0.16702,-0.00012488
3,0.016486,0.16071,-0.0002219
4,0.015808,0.15443,-0.00028906
5,0.015093,0.14816,-0.00017339
6,0.014326,0.14154,-0.00019951
7,0.01357,0.13502,-0.00011369
8,0.012911,0.12862,-0.00025175
9,0.012267,0.12198,-0.00031145
10,0.011769,0.11554,-0.00013235
11,0.011118,0.10914,-0.00025921
12,0.01032,0.10239,-0.00024802
13,0.0096053,0.095956,-0.0003525
14,0.0088303,0.089629,-0.00024429
15,0.0083811,0.083221,-0.00018085
16,0.0078196,0.077017,-0.00035996
17,0.0069922,0.070792,-0.00024056
18,0.0065467,0.064768,-0.00030399
19,0.0059328,0.058819,-0.00026668
20,0.0051953,0.052903,-0.00030772
21,0.0046937,0.047201,-0.00036742
22,0.0041621,0.041498,-0.00024429
23,0.0035444,0.035938,-0.00030026
24,0.0029117,0.030347,-0.00020697
25,0.0024063,0.024846,-0.00023309
26,0.0018523,0.019439,-0.00033384
27,0.0012533,0.014133,-0.00030772
28,0.00089764,0.0091738,-0.00034877
29,0.00047836,0.0037142,-0.0002219
30,-0.00013559,-0.0017192,-0.00020324
31,-0.00063349,-0.0065511,-0.00024802
32,-0.0010341,-0.011712,-0.00021444
33,-0.0015058,-0.016925,-0.00023309
34,-0.0022395,-0.022343,-0.00031145
35,-0.0027786,-0.027863,-0.00035996
36,-0.0030219,-0.03299,-0.00023309
37,-0.0035048,-0.038602,-0.00026668
38,-0.0041076,-0.044324,-0.00022563
39,-0.0047365,-0.050075,-0.00016593
40,-0.0054028,-0.055998,-0.00029653
41,-0.0060992,-0.061775,-0.00022936
42,-0.0066345,-0.067945,-0.00034504
43,-0.0071399,-0.074092,-0.00036369
44,-0.0078437,-0.080325,-0.00025548
45,-0.0084314,-0.086838,-0.00031145
46,-0.0090828,-0.093389,-8.7569e-05
47,-0.0098577,-0.1001,-0.00011369
48,-0.010577,-0.10701,-0.00024429
49,-0.011265,-0.11417,-0.00020324
50,-0.011905,-0.12131,-0.00024802
51,-0.012744,-0.12856,-0.00020324
52,-0.013523,-0.13579,-0.00018832
53,-0.014084,-0.14293,-5.0255e-05
54,-0.014878,-0.14998,-9.8763e-05
55,-0.015735,-0.15676,-0.0003525
56,-0.016435,-0.16339,-0.00034504
57,-0.017079,-0.16967,-0.00031892
58,-0.017686,-0.17575,-0.00019951
59,-0.01827,-0.18162,-9.8763e-05
60,-0.018947,-0.18725,-0.00029653
61,-0.019569,-0.19254,-0.00037116
62,-0.020033,-0.19755,-0.00024802
63,-0.020643,-0.20272,-0.00024056
64,-0.021287,-0.20741,-0.0004831
65,-0.021815,-0.21166,-0.00070325
66,-0.022051,-0.21558,-0.00058758
67,-0.02244,-0.21915,-0.00063235
68,-0.022987,-0.22264,-0.00060996
69,-0.02314,-0.22562,-0.00045325
70,-0.023649,-0.22841,-0.0006137
71,-0.023986,-0.23097,-0.00056892
72,-0.024027,-0.23346,-0.00038235
73,-0.024304,-0.23598,-0.00053907
74,-0.024469,-0.23815,-0.00069579
75,-0.024926,-0.24027,-0.00049802
76,-0.02521,-0.2424,-0.00057265
77,-0.025435,-0.24417,-0.00065474
78,-0.025805,-0.24577,-0.00046817
79,-0.025798,-0.24743,-0.00045325
80,-0.025899,-0.24871,-0.00034877
81,-0.02618,-0.25006,-0.00042713
82,-0.026367,-0.25115,-0.00038981
83,-0.026487,-0.25196,-0.00039727
84,-0.026704,-0.25315,-0.00050922
85,-0.026801,-0.25388,-0.00029653
86,-0.026944,-0.25474,-0.00038981
87,-0.027269,-0.25576,-0.00034877
88,-0.027359,-0.25665,-0.00025921
89,-0.027483,-0.25766,-0.00038981
90,-0.02773,-0.25837,-0.00025921
91,-0.027872,-0.25926,-0.00033384
92,-0.027992,-0.26013,-0.00042339
93,-0.028186,-0.26081,-0.00021071
94,-0.028276,-0.26145,-0.00031518
95,-0.028389,-0.26222,-0.00044205
96,-0.028467,-0.26297,-0.0002928
97,-0.028478,-0.26323,-0.00035996
98,-0.028703,-0.26374,-0.00033011
99,-0.028767,-0.26415,-0.00030026
100,-0.028782,-0.26415,-0.00032265
101,-0.028943,-0.26416,-0.00010623
102,-0.028969,-0.26393,-9.5032e-05
103,-0.028913,-0.26352,-0.00018085
104,-0.029025,-0.26296,-0.00019205
105,-0.02901,-0.26214,-9.8763e-05
106,-0.028871,-0.26105,-0.00015847
107,-0.02892,-0.25969,-0.00030772
108,-0.028587,-0.25815,-0.00021444
109,-0.028344,-0.25657,-0.00013981
110,-0.028404,-0.25464,-0.00011742
111,-0.028067,-0.25257,-0.00019951
112,-0.027887,-0.25011,-0.00021444
113,-0.027718,-0.24735,-0.00016966
114,-0.027247,-0.24471,-1.6672e-05
115,-0.026917,-0.24149,-2.0404e-05
116,-0.02658,-0.23825,-0.00025548
117,-0.026071,-0.23464,-0.00011742
118,-0.025607,-0.23053,-0.00014727
119,-0.025386,-0.22652,-0.00021071
120,-0.024885,-0.22214,-1.7468e-06
121,-0.024132,-0.21775,-2.0404e-05
122,-0.023642,-0.21316,-0.00013235
123,-0.023249,-0.20815,-3.9061e-05
124,-0.022691,-0.20297,2.8104e-05
125,-0.022032,-0.1976,-7.2643e-05
126,-0.02153,-0.1921,0.00010646
127,-0.020826,-0.18629,6.915e-05
128,-0.02016,-0.18032,-0.00011369
129,-0.019636,-0.17424,2.4373e-05
130,-0.018884,-0.16812,-8.0106e-05
131,-0.018341,-0.16185,-6.1449e-05
132,-0.017622,-0.15547,3.1836e-05
133,-0.016858,-0.1493,-1.7468e-06
134,-0.016342,-0.14285,2.0642e-05
135,-0.015541,-0.1363,-0.0001622
136,-0.014878,-0.12998,-9.13e-05
137,-0.01414,-0.12338,2.8104e-05
138,-0.013399,-0.11679,-6.8912e-05
139,-0.012942,-0.11021,-7.6375e-05
140,-0.012227,-0.10368,-8.3838e-05
141,-0.011524,-0.097272,0.0001102
142,-0.010835,-0.090624,7.2881e-05
143,-0.010228,-0.084327,-0.00013235
144,-0.0095994,-0.07821,-5.4782e-06
145,-0.0088282,-0.071771,-5.4782e-06
146,-0.0083041,-0.065762,1.9846e-06
147,-0.0077089,-0.059892,2.0642e-05
148,-0.0070762,-0.053815,-0.00015473
149,-0.0066981,-0.048158,-7.2643e-05
150,-0.0060767,-0.042418,9.4474e-06
151,-0.0053542,-0.036771,-3.5329e-05
152,-0.0049199,-0.031364,-0.00010996
153,-0.0043284,-0.025744,-8.7569e-05
154,-0.0037744,-0.020452,0.00011393
155,-0.0032128,-0.015348,-9.2096e-06
156,-0.0026438,-0.010161,-2.0404e-05
157,-0.0022844,-0.0048321,-1.7468e-06
158,-0.0016817,0.00040705,-3.9061e-05
159,-0.0012737,0.0054332,0.00011766
160,-0.00089929,0.010702,9.9001e-05
161,-0.00030031,0.015852,5.4224e-05
162,0.00010025,0.021195,-0.00014727
163,0.00060938,0.026737,-0.00010996
164,0.0012907,0.031973,-2.4135e-05
165,0.0018448,0.037514,-2.4135e-05
166,0.002324,0.043266,1.691e-05
167,0.0029229,0.048994,-4.2792e-05
168,0.0035331,0.054872,0.00011393
169,0.0041958,0.060863,1.3179e-05
170,0.0048247,0.067021,-4.6524e-05
171,0.0054012,0.073135,-5.3986e-05
172,0.0060601,0.079431,-0.00012115
173,0.0065729,0.086034,-2.4135e-05
174,0.0072356,0.092705,2.8104e-05
175,0.0081003,0.099573,6.915e-05
176,0.0088378,0.10654,-3.5329e-05
177,0.0094742,0.11376,2.0642e-05
178,0.010167,0.12106,1.691e-05
179,0.010964,0.12828,-4.6524e-05
180,0.01175,0.13567,-5.3986e-05
181,0.01248,0.14273,-0.00012115
182,0.013091,0.14962,-3.5329e-05
183,0.013817,0.15648,-5.0255e-05
184,0.014536,0.1629,-2.0404e-05
185,0.015153,0.16929,-0.00016966
186,0.015954,0.17545,-0.00023309
187,0.016508,0.18128,-9.2096e-06
188,0.017059,0.18689,-3.1598e-05
189,0.01774,0.19216,1.3179e-05
190,0.018073,0.19741,6.1687e-05
191,0.018605,0.20254,-5.4782e-06
192,0.019365,0.20719,5.4224e-05
193,0.01987,0.21147,0.00027065
194,0.020301,0.21548,0.00037139
195,0.020787,0.21909,0.00024079
196,0.021094,0.22245,0.00021094
197,0.021405,0.2257,0.00018482
198,0.021847,0.22862,0.00014378
199,0.022128,0.23124,8.4075e-05
200,0.022442,0.23376,2.4373e-05
201,0.022682,0.23616,0.00012139
202,0.022846,0.23858,0.00019602
203,0.023221,0.24082,0.00021467
204,0.02352,0.24268,0.00022214
205,0.0237,0.24454,0.00018855
206,0.023977,0.24626,0.00011393
207,0.024228,0.24771,6.915e-05
208,0.024276,0.24897,0.00014751
209,0.024389,0.25025,0.00023333
210,0.024602,0.25144,0.00014751
211,0.024726,0.25242,8.7807e-05
212,0.024969,0.25346,8.7807e-05
213,0.025145,0.25449,5.0493e-05
214,0.025336,0.25539,3.9299e-05
215,0.025557,0.25624,-2.4135e-05
216,0.025542,0.25723,0.0001102
217,0.025785,0.25823,0.00012885
218,0.02595,0.25917,-5.7718e-05
219,0.026122,0.25991,-6.5181e-05
220,0.026365,0.26064,-8.3838e-05
221,0.026309,0.26166,-1.6672e-05
222,0.026601,0.26223,3.9299e-05
223,0.026811,0.26272,5.7956e-05
224,0.026871,0.26347,-6.8912e-05
225,0.026938,0.2639,-0.00011742
226,0.027002,0.26438,0.00014751
227,0.027196,0.26486,2.0642e-05
228,0.027316,0.26489,-0.00015473
229,0.02747,0.26481,-5.3986e-05
230,0.027234,0.26454,-1.6672e-05
231,0.027178,0.26413,-6.1449e-05
232,0.027372,0.26359,-0.00013235
233,0.027327,0.26265,-3.5329e-05
234,0.027342,0.26167,0.00010273
235,0.027107,0.26033,7.6613e-05
236,0.026878,0.25883,-0.00019205
237,0.0268,0.25729,-0.00031518
238,0.026601,0.25508,-0.00021444
239,0.026339,0.25286,-0.0001622
240,0.026051,0.25047,-6.1449e-05
241,0.025778,0.24772,-0.00010249
242,0.025523,0.24492,-0.00011742
243,0.025235,0.24168,-8.7569e-05
244,0.024838,0.23816,-0.00018459
245,0.024392,0.23443,-0.00018085
246,0.023883,0.23062,-0.00019578
247,0.023524,0.22646,-0.00026668
248,0.023165,0.222,-0.00024429
249,0.022509,0.21752,-0.00017712
250,0.02203,0.21279,-0.00021071
251,0.021626,0.20797,-0.00031518
252,0.021042,0.20273,-0.00022563
253,0.020391,0.19734,-0.000151
254,0.01981,0.19179,-0.00030772
255,0.019241,0.18576,-0.00028533
256,0.018481,0.17996,-0.00024802
257,0.017807,0.17391,-0.00035623
258,0.017089,0.16764,-0.00026668
259,0.016392,0.16153,-0.00018085
260,0.015838,0.15506,-0.0002219
261,0.015131,0.1487,-0.00023682
262,0.014539,0.14234,-0.00018832
263,0.013892,0.13565,-0.00019205
264,0.013064,0.12907,-0.00022936
265,0.012428,0.1223,-0.00017339
266,0.01175,0.11546,-0.00020697
267,0.011002,0.10901,-0.00028533
268,0.01032,0.10246,-0.00024056
269,0.0096539,0.095945,-0.00025175
270,0.0090063,0.089573,-0.00023309
271,0.0082576,0.083138,-0.00031518
272,0.0075725,0.076954,-0.00047937
273,0.0070521,0.070784,-0.00013608
274,0.006382,0.064611,-0.00010996
275,0.0057007,0.058658,-0.0004719
276,0.0052215,0.052757,-0.00036742
277,0.00466,0.046969,-0.00030026
278,0.0039749,0.041356,-0.00028906
279,0.0034059,0.035751,-0.00025548
280,0.0031213,0.030257,-0.00027041
281,0.002571,0.024876,-0.00033011
282,0.0019084,0.019529,-0.00021817
283,0.0015153,0.014271,-0.00021444
284,0.00086395,0.0089646,-0.00043832
285,0.00037354,0.0036656,-0.0001622
286,-8.6928e-05,-0.0014689,-6.1449e-05
287,-0.00061478,-0.0066295,-0.00028906
288,-0.0010752,-0.011925,-0.00017339
289,-0.0017753,-0.017261,-9.13e-05
290,-0.0022807,-0.022706,-0.00025921
291,-0.0026925,-0.028135,-0.00031892
292,-0.0031679,-0.03355,-0.00021817
293,-0.0036883,-0.03917,-0.00020324
294,-0.0043209,-0.044851,-0.00033384
295,-0.0048413,-0.050568,-0.00040101
296,-0.0052606,-0.056405,-0.00030026
297,-0.0060318,-0.062332,-0.00014354
298,-0.0066382,-0.068498,-0.00020324
299,-0.0071286,-0.074906,-0.00044578
300,-0.0080645,-0.081364,-0.00031145
301,-0.0086448,-0.087773,-0.00020324
302,-0.0091801,-0.094443,-0.00022563
303,-0.0098989,-0.10147,-0.00025175
304,-0.010625,-0.10844,-0.0003525
305,-0.011456,-0.1156,-0.00020324
306,-0.012145,-0.12268,-0.00019951
307,-0.012901,-0.12972,-0.00024429
308,-0.01368,-0.1373,-0.00027787
309,-0.014361,-0.14447,-0.00030026
310,-0.01499,-0.15125,-0.00021817
311,-0.015818,-0.15807,-0.0002816
312,-0.016536,-0.16454,-0.00033757
313,-0.017053,-0.17087,-0.00030026
314,-0.017678,-0.17715,-0.00028906
315,-0.018258,-0.18287,-0.00027787
316,-0.018955,-0.18844,-0.00012115
317,-0.01952,-0.19407,-0.00019205
318,-0.020078,-0.19899,-0.00015847
319,-0.0208,-0.20377,-0.000151
320,-0.021489,-0.20862,-0.00067713
321,-0.021972,-0.2129,-0.00072564
322,-0.022185,-0.21685,-0.00053907
323,-0.022799,-0.22059,-0.00053907
324,-0.023264,-0.22386,-0.0004831
325,-0.023391,-0.22706,-0.00058758
326,-0.023724,-0.23013,-0.00052041
327,-0.023952,-0.2327,-0.00061743
328,-0.024248,-0.23521,-0.00055773
329,-0.024593,-0.23782,-0.00045698
330,-0.024918,-0.24028,-0.0006622
331,-0.025233,-0.24224,-0.00045698
332,-0.025491,-0.24393,-0.00044578
333,-0.025645,-0.24585,-0.00036369
334,-0.025772,-0.24746,-0.0002928
335,-0.02603,-0.2487,-0.00050549
336,-0.026251,-0.2501,-0.00045325
337,-0.026431,-0.25135,-0.00053907
338,-0.026479,-0.25242,-0.00047563
339,-0.026607,-0.25344,-0.00029653
340,-0.02679,-0.25432,-0.00030399
341,-0.027,-0.25516,-0.00025175
342,-0.027176,-0.256,-0.0003525
343,-0.027269,-0.25685,-0.00032638
344,-0.027471,-0.25754,-0.00031145
345,-0.027468,-0.25838,-0.0004719
346,-0.02767,-0.25949,-0.00037862
347,-0.027894,-0.2603,-0.00030399
348,-0.027969,-0.26094,-0.00024429
349,-0.028299,-0.26175,-0.00030399
350,-0.02846,-0.26259,-0.00042713
351,-0.02855,-0.26347,-0.00028906
352,-0.028606,-0.26416,-0.00030399
353,-0.028755,-0.26472,-0.00032638
354,-0.02907,-0.26529,-0.00021071
355,-0.029066,-0.26571,-0.00025921
356,-0.029044,-0.26591,-0.00022936
357,-0.0291,-0.26589,-0.00013608
358,-0.029167,-0.26588,-0.00022563
359,-0.02916,-0.26541,-0.00013608
360,-0.029126,-0.2647,-0.00016966
361,-0.029186,-0.26393,-0.00021071
362,-0.029017,-0.26287,-0.00010996
363,-0.028886,-0.26189,-0.00023682
364,-0.02874,-0.26029,-0.00021444
365,-0.028718,-0.25833,-0.00013235
366,-0.028714,-0.2564,-0.00021071
367,-0.028179,-0.25403,-0.0003413
368,-0.027966,-0.25162,-0.00019205
369,-0.027816,-0.24899,-5.4782e-06
370,-0.027318,-0.24593,-8.7569e-05
371,-0.027052,-0.24268,-0.00016966
372,-0.026633,-0.23918,-0.00012115
373,-0.026247,-0.23555,-5.7718e-05
374,-0.025858,-0.23159,-5.7718e-05
375,-0.025338,-0.22745,-0.00014727
376,-0.025008,-0.22335,-0.0002816
377,-0.024413,-0.21883,-6.5181e-05
378,-0.023758,-0.21389,-1.6672e-05
379,-0.023309,-0.20887,-9.8763e-05
380,-0.022721,-0.20378,-2.0404e-05
381,-0.022073,-0.19836,-0.00011369
382,-0.02159,-0.19275,-3.9061e-05
383,-0.021025,-0.18702,-1.7468e-06
384,-0.020329,-0.18106,5.7956e-05
385,-0.019681,-0.17492,8.7807e-05
386,-0.019015,-0.16882,-5.3986e-05
387,-0.018281,-0.1627,-5.3986e-05
388,-0.017547,-0.15644,-0.00010249
389,-0.016881,-0.15006,-0.00010996
390,-0.016226,-0.1434,-0.00012488
391,-0.015672,-0.13685,-0.00011742
392,-0.014986,-0.13032,5.716e-06
393,-0.014268,-0.12355,2.4373e-05
394,-0.013609,-0.11682,4.303e-05
395,-0.012819,-0.11014,-4.2792e-05
396,-0.012205,-0.10345,-5.3986e-05
397,-0.011636,-0.096902,-2.4135e-05
398,-0.010943,-0.090493,-8.3838e-05
399,-0.010251,-0.084062,2.8104e-05
400,-0.0096893,-0.078012,1.3179e-05
401,-0.0090641,-0.071943,5.4224e-05
402,-0.0083753,-0.065691,0.00011393
403,-0.0077838,-0.059832,-3.1598e-05
404,-0.0072335,-0.05398,-3.9061e-05
405,-0.0066345,-0.048132,-6.5181e-05
406,-0.0058783,-0.042422,-4.2792e-05
407,-0.0053654,-0.03682,2.4373e-05
408,-0.0048114,-0.031476,-6.8912e-05
409,-0.0043097,-0.026088,-0.00010249
410,-0.0038755,-0.020744,4.6761e-05
411,-0.0032652,-0.015527,-2.0404e-05
412,-0.0028535,-0.010135,-0.00011742
413,-0.0023069,-0.0048059,0.00011766
414,-0.0018577,0.00039584,-2.0404e-05
415,-0.0012362,0.0054706,-3.9061e-05
416,-0.00064098,0.010784,0.00019975
417,-0.00031154,0.016386,-0.00011369
418,0.00026871,0.021793,-0.00014354
419,0.00080779,0.027171,-0.00014727
420,0.0014442,0.032638,-0.00013981
421,0.0019084,0.038243,0.00010646
422,0.0024475,0.04383,-0.00018085
423,0.0031251,0.04957,-0.00014727
424,0.0035331,0.055414,7.2881e-05
425,0.0040872,0.061322,5.0493e-05
426,0.0046862,0.067552,0.0001102
427,0.0053039,0.073807,9.4474e-06
428,0.0060376,0.080339,1.9846e-06
429,0.0068537,0.086965,-9.5032e-05
430,0.0075014,0.093561,-0.00021444
431,0.0081827,0.1006,-2.4135e-05
432,0.0089726,0.10781,1.9846e-06
433,0.0095529,0.11499,-0.00014354
434,0.010361,0.12221,3.5567e-05
435,0.0112,0.1294,6.5418e-05
436,0.011866,0.13675,-0.00010249
437,0.012518,0.14389,0.00016243
438,0.013233,0.15062,0.0001102
439,0.01412,0.15734,-0.00016593
440,0.014846,0.16403,-9.2096e-06
441,0.01537,0.17032,3.5567e-05
442,0.015872,0.17637,-9.5032e-05
443,0.016546,0.18238,-9.8763e-05
444,0.017287,0.18806,-7.2643e-05
445,0.017759,0.19342,-4.6524e-05
446,0.018227,0.19832,-1.6672e-05
447,0.018983,0.20329,-9.2096e-06
448,0.019649,0.20834,0.00026318
449,0.020054,0.21268,0.00033035
450,0.020507,0.21664,0.00019975
451,0.020903,0.2202,0.00034154
452,0.021297,0.22338,0.00034154
453,0.021615,0.22667,0.00018482
454,0.021768,0.22973,0.0001587
455,0.022225,0.23222,0.00030796
456,0.02267,0.23487,0.00016243
457,0.022861,0.23742,5.0493e-05
458,0.023172,0.23961,0.00028557
459,0.023228,0.2417,0.00015497
460,0.023356,0.2435,-5.0255e-05
461,0.023767,0.24533,0.00012512
462,0.023857,0.24688,0.0001587
463,0.024153,0.2482,-5.4782e-06
464,0.024441,0.2497,5.0493e-05
465,0.024467,0.25088,9.9001e-05
466,0.024681,0.25202,5.0493e-05
467,0.02489,0.25315,2.4373e-05
468,0.025006,0.25391,9.4474e-06
469,0.025108,0.25474,9.1538e-05
470,0.025261,0.25562,2.4373e-05
471,0.025474,0.25653,4.6761e-05
472,0.025819,0.25745,5.7956e-05
473,0.02592,0.25817,-6.1449e-05
474,0.026013,0.25905,0.00010273
475,0.026223,0.25993,0.00012512
476,0.026317,0.26079,5.716e-06
477,0.026564,0.26161,-1.2941e-05
478,0.026534,0.26243,5.716e-06
479,0.026564,0.26333,-0.00015473
480,0.026751,0.26392,-0.00020697
481,0.026931,0.26453,-3.5329e-05
482,0.02717,0.26515,-9.13e-05
483,0.027279,0.26547,-1.6672e-05
484,0.027485,0.26558,-2.0404e-05
485,0.027365,0.2655,-0.00013608
486,0.02726,0.26526,5.716e-06
487,0.027421,0.2647,8.4075e-05
488,0.027384,0.2642,-8.7569e-05
489,0.027361,0.26339,-9.5032e-05
490,0.027298,0.26216,0.0001102
491,0.027219,0.26107,0.00013631
492,0.027024,0.25939,2.8104e-05
493,0.026732,0.25758,-0.000151
494,0.026639,0.25577,-0.00014354
495,0.026335,0.25329,-0.00010249
496,0.025961,0.25069,-0.00023682
497,0.025901,0.24794,-0.00012488
498,0.025654,0.24497,-4.2792e-05
499,0.025227,0.2418,-0.0001622
500,0.024763,0.23835,-0.00019951
501,0.024295,0.23464,-0.00012861
502,0.024018,0.23075,-0.00010249
503,0.023498,0.2267,-0.00026294
504,0.023022,0.22249,-0.00017712
505,0.022588,0.21801,-6.8912e-05
506,0.021944,0.21325,-0.00016593
507,0.021604,0.20818,-9.8763e-05
508,0.020978,0.20287,-0.00012115
509,0.020267,0.19752,-0.00014354
510,0.01978,0.19191,-0.00018459
511,0.019095,0.18609,-0.00018832
512,0.018594,0.18016,-0.00010249
513,0.017867,0.17408,-0.0002219
514,0.016991,0.16802,-0.00024056
515,0.016508,0.16171,-0.00015473
516,0.015921,0.15532,-0.00018085
517,0.015224,0.14898,-0.00029653
518,0.014588,0.14235,-0.00022563
519,0.013716,0.13565,-0.00013981
520,0.01296,0.12903,-0.00032265
521,0.012387,0.12226,-0.00035623
522,0.011668,0.11553,-0.00027041
523,0.011163,0.10894,-0.00022563
524,0.010399,0.1024,-0.0002928
525,0.009594,0.095967,-0.00032265
526,0.0091822,0.089525,-0.00014727
527,0.0083549,0.083333,-0.00021071
528,0.0077035,0.07704,-0.00025921
529,0.0071045,0.070754,-0.00013608
530,0.0064082,0.064943,-0.0002816
531,0.0059478,0.058826,-0.00022563
532,0.0052327,0.052896,-8.7569e-05
533,0.0046525,0.04732,-0.00024056
534,0.0040385,0.041517,-0.0002928
535,0.0034433,0.035844,-0.00027041
536,0.0029154,0.030411,-0.0002219
537,0.0023127,0.024959,-0.00016966
538,0.0018223,0.019607,-0.00030399
539,0.001403,0.014346,-0.00033384
540,0.0010287,0.0089608,-0.00018459
541,0.00032113,0.0038936,-0.00019578
542,-0.00015057,-0.0013568,-0.00036369
543,-0.00052493,-0.006723,-0.00037489
544,-0.0011801,-0.011749,-0.00025175
545,-0.0015769,-0.017123,-0.00022936
546,-0.0020561,-0.022605,-0.00024056
547,-0.0026026,-0.028049,-0.00025548
548,-0.0031192,-0.033498,-0.00022563
549,-0.0036134,-0.038954,-0.00022563
550,-0.0042236,-0.044585,-0.00037116
551,-0.0049686,-0.050288,-0.00033011
552,-0.0054403,-0.056102,-0.00011742
553,-0.006058,-0.062048,-0.0002219
554,-0.0066233,-0.068206,-0.00030399
555,-0.0069976,-0.074338,-0.00011369
556,-0.0077763,-0.080699,-6.8912e-05
557,-0.0085587,-0.087354,-0.00010249
558,-0.009124,-0.093998,-0.00021071
559,-0.0099064,-0.10096,-0.00030772
560,-0.010745,-0.10797,-0.00015847
561,-0.011288,-0.11492,-7.2643e-05
562,-0.01198,-0.1222,-0.0002816
563,-0.01286,-0.12945,-0.0002928
564,-0.013744,-0.13655,-0.00021817
565,-0.014515,-0.14379,-0.00040101
566,-0.014938,-0.15069,-0.00026668
567,-0.015716,-0.15741,-0.00019951
568,-0.016533,-0.16405,-0.00021817
569,-0.017079,-0.17029,-0.00025175
570,-0.017865,-0.17645,-0.00037862
571,-0.018461,-0.18243,-0.00018832
572,-0.018936,-0.1881,-0.00037116
573,-0.019561,-0.19345,-0.0002928
574,-0.020093,-0.19862,-2.7867e-05
575,-0.020609,-0.20361,-0.00031518
576,-0.021354,-0.20836,-0.00050175
577,-0.021893,-0.21265,-0.00056519
578,-0.022286,-0.2164,-0.00053907
579,-0.022736,-0.22001,-0.00053907
580,-0.022927,-0.22323,-0.0004831
581,-0.023271,-0.2264,-0.00043459
582,-0.023657,-0.22945,-0.0004719
583,-0.023949,-0.23216,-0.00036742
584,-0.024267,-0.23463,-0.0002816
585,-0.024611,-0.23702,-0.00043832
586,-0.024832,-0.23936,-0.00045698
587,-0.025057,-0.24122,-0.00041593
588,-0.025409,-0.24312,-0.00062116
589,-0.025409,-0.24479,-0.00050922
590,-0.025731,-0.24615,-0.0004719
591,-0.026026,-0.24764,-0.00048683
592,-0.025955,-0.24905,-0.00043459
593,-0.026206,-0.25026,-0.00049056
594,-0.026352,-0.25118,-0.00034877
595,-0.026622,-0.25212,-0.00031518
596,-0.026775,-0.2532,-0.00038981
597,-0.026827,-0.25413,-0.00037116
598,-0.027149,-0.25474,-0.00018459
599,-0.027056,-0.25544,-0.0001622
600,-0.027232,-0.25637,-0.00021071
601,-0.027606,-0.25732,-0.00032638
602,-0.02743,-0.25812,-0.00039354
603,-0.0277,-0.2589,-0.00033011
604,-0.028067,-0.25989,-0.00043832
605,-0.028007,-0.26072,-0.0003413
606,-0.028194,-0.26159,-0.00041593
607,-0.028415,-0.26241,-0.00030772
608,-0.028609,-0.26309,-0.00020697
609,-0.028755,-0.26393,-0.00034504
610,-0.028767,-0.26441,-0.00013608
611,-0.028901,-0.26463,-0.00020697
612,-0.028943,-0.2647,-0.00031145
613,-0.02898,-0.26472,-0.0002928
614,-0.029115,-0.26454,-0.00020697
615,-0.028999,-0.26384,-0.00011742
616,-0.029003,-0.26341,-0.00019951
617,-0.029107,-0.26287,-0.00013608
618,-0.028976,-0.26186,-0.0002928
619,-0.028857,-0.26062,-0.00037862
620,-0.028703,-0.25904,-0.00025548
621,-0.028594,-0.25741,-0.00018085
622,-0.028325,-0.25557,-5.3986e-05
623,-0.028029,-0.25336,-0.00013235
624,-0.027958,-0.25075,-0.00013608
625,-0.027614,-0.24795,-0.00019205
626,-0.027217,-0.24508,-0.00023682
627,-0.026988,-0.24192,-0.00020697
628,-0.02664,-0.2386,-0.0002928
629,-0.026214,-0.23503,-0.00021444
630,-0.025835,-0.23125,-0.00011742
631,-0.02539,-0.22713,-0.00010249
632,-0.024843,-0.22294,-0.00016593
633,-0.024248,-0.21862,-1.6672e-05
634,-0.023776,-0.21377,-3.1598e-05
635,-0.023282,-0.20889,-0.00018832
636,-0.022807,-0.20383,-0.00010249
637,-0.022279,-0.1984,-0.00010996
638,-0.021601,-0.1929,-1.7468e-06
639,-0.021133,-0.18706,-3.5329e-05
640,-0.020377,-0.18098,-7.6375e-05
641,-0.019561,-0.17503,6.5418e-05
642,-0.019052,-0.1691,6.1687e-05
643,-0.018547,-0.16302,7.2881e-05
644,-0.01776,-0.15673,-1.2941e-05
645,-0.016922,-0.15026,-6.8912e-05
646,-0.016469,-0.14376,-6.1449e-05
647,-0.015814,-0.13725,-4.2792e-05
648,-0.015084,-0.13051,-1.6672e-05
649,-0.014193,-0.12365,-7.2643e-05
650,-0.013418,-0.1171,-7.6375e-05
651,-0.012999,-0.11056,-0.00010249
652,-0.012306,-0.10381,-2.7867e-05
653,-0.011554,-0.097276,-0.00012488
654,-0.010857,-0.090897,-0.00030399
655,-0.010487,-0.084451,-5.4782e-06
656,-0.0096107,-0.078255,-1.2941e-05
657,-0.0087084,-0.072066,-0.00010623
658,-0.0085213,-0.065882,9.4474e-06
659,-0.0077613,-0.059806,-1.2941e-05
660,-0.0070351,-0.053946,6.915e-05
661,-0.006466,-0.048434,-1.7468e-06
662,-0.0058858,-0.04259,-5.0255e-05
663,-0.0054515,-0.036768,-7.2643e-05
664,-0.0048338,-0.031301,-0.00011742
665,-0.0044407,-0.025979,-2.4135e-05
666,-0.0039428,-0.020643,-0.00011742
667,-0.0033401,-0.015299,-0.00011369
668,-0.0027075,-0.010165,1.691e-05
669,-0.0021047,-0.0048321,-3.9061e-05
670,-0.0017641,0.00038463,-5.0255e-05
671,-0.0013186,0.0056275,6.5418e-05
672,-0.00093298,0.010997,0.00014378
673,-0.00031529,0.016319,-4.6524e-05
674,0.00044466,0.021782,-0.00019205
675,0.00080405,0.027081,-2.7867e-05
676,0.0011971,0.032593,-2.0404e-05
677,0.0017961,0.038254,-0.00013608
678,0.0024962,0.043733,-0.00012115
679,0.0030502,0.049443,5.4224e-05
680,0.0034658,0.055411,3.5567e-05
681,0.004031,0.061427,-8.3838e-05
682,0.00466,0.067488,1.9846e-06
683,0.0053937,0.073841,-5.3986e-05
684,0.0061836,0.080395,-0.00017712
685,0.0066927,0.086812,-9.5032e-05
686,0.0072805,0.093684,-1.6672e-05
687,0.0082314,0.10069,-0.00010249
688,0.0089127,0.10756,1.691e-05
689,0.0094742,0.11494,6.5418e-05
690,0.010302,0.12221,-0.00012861
691,0.01108,0.12929,-9.13e-05
692,0.011705,0.13646,6.915e-05
693,0.012462,0.1436,8.7807e-05
694,0.013244,0.15044,4.6761e-05
695,0.013828,0.15712,-3.9061e-05
696,0.014592,0.16384,-3.5329e-05
697,0.01537,0.17017,6.5418e-05
698,0.015857,0.17637,1.691e-05
699,0.016497,0.18235,5.0493e-05
700,0.017201,0.18806,-7.6375e-05
701,0.017759,0.19369,-6.8912e-05
702,0.018328,0.19881,2.0642e-05
703,0.018796,0.20375,-0.00018459
704,0.019455,0.20873,0.00013631
705,0.020087,0.21297,0.00027065
706,0.020346,0.21683,8.7807e-05
707,0.020829,0.22077,0.0002296
708,0.021233,0.22411,0.00014751
709,0.021551,0.22721,0.00021094
710,0.022116,0.23031,0.00038259
711,0.022341,0.233,6.1687e-05
712,0.022528,0.23562,9.4474e-06
713,0.022936,0.23802,0.00032288
714,0.023217,0.24017,0.00025199
715,0.023348,0.2422,0.00018855
716,0.023558,0.24402,0.00026691
717,0.02385,0.2458,0.00019975
718,0.02391,0.24729,0.00019229
719,0.024123,0.24881,8.4075e-05
720,0.024482,0.25028,0.00012512
721,0.024606,0.25141,0.00027065
722,0.024756,0.25261,0.0001102
723,0.024913,0.25347,0.0001699
724,0.025055,0.25436,0.00016243
725,0.025343,0.25539,3.5567e-05
726,0.025553,0.25604,7.6613e-05
727,0.025613,0.25695,9.4474e-06
728,0.025707,0.25776,9.1538e-05
729,0.025965,0.25854,6.5418e-05
730,0.026182,0.25962,-5.0255e-05
731,0.026272,0.26048,-5.4782e-06
732,0.026377,0.2615,2.4373e-05
733,0.026511,0.26242,0.00029303
734,0.02677,0.26329,8.7807e-05
735,0.026878,0.26419,-0.00024802
736,0.026998,0.26492,9.527e-05
737,0.027238,0.26548,5.716e-06
738,0.027234,0.26583,-0.00019578
739,0.027155,0.26608,-0.00010996
740,0.027488,0.26618,-3.9061e-05
741,0.027679,0.26621,0.00014005
742,0.027511,0.26581,0.00015124
743,0.027649,0.26553,8.0344e-05
744,0.027597,0.26524,-4.2792e-05
745,0.027488,0.26431,-9.8763e-05
746,0.02744,0.2634,-0.00019578
747,0.02717,0.2621,-0.00017339
748,0.027155,0.26047,-6.8912e-05
749,0.027002,0.25872,-9.13e-05
750,0.026706,0.25658,-0.00010249
751,0.026601,0.25418,-0.00017712
752,0.026403,0.25159,-5.3986e-05
753,0.025954,0.24887,-0.0001622
754,0.025516,0.24571,-0.00019205
755,0.025343,0.24233,-9.2096e-06
756,0.024965,0.23893,-0.00010623
757,0.024471,0.2352,2.0642e-05
758,0.02413,0.23134,-0.00013608
759,0.023621,0.22736,-0.00025921
760,0.023131,0.22308,1.3179e-05
761,0.022622,0.21849,-4.2792e-05
762,0.022019,0.21369,-0.0001622
763,0.021581,0.20872,-0.00026668
764,0.021027,0.20347,-0.00023682
765,0.020391,0.19815,-0.00027041
766,0.019848,0.19254,-0.00039354
767,0.019286,0.18675,-0.00018832
768,0.018624,0.18097,-0.00020697
769,0.017927,0.17496,-0.00021444
770,0.017261,0.16899,-0.00027414
771,0.016703,0.16285,-0.00038235
772,0.016142,0.15645,-0.00017339
773,0.015329,0.15005,-0.00031145
774,0.014521,0.14355,-0.00024429
775,0.013809,0.13705,-0.00024802
776,0.013214,0.1302,-0.00040101
777,0.012574,0.12338,-0.00024429
778,0.011713,0.11679,-0.00025175
779,0.011047,0.11,-0.00021071
780,0.010466,0.10334,-0.00031145
781,0.0097251,0.0968,-0.00025548
782,0.0091261,0.090317,-0.00028533
783,0.0083699,0.083908,-0.00034877
784,0.0075987,0.077671,-0.00021071
785,0.0072543,0.071367,-0.00030026
786,0.0066066,0.065183,-0.00030026
787,0.0058879,0.059342,-0.00024429
788,0.0053563,0.053411,-0.00024056
789,0.00466,0.047627,-0.00033384
790,0.0040722,0.041887,-0.00028906
791,0.0034395,0.036281,-0.0003525
792,0.003009,0.030956,-0.00034877
793,0.0025897,0.025452,-0.00021817
794,0.0018073,0.019944,-0.00031518
795,0.001433,0.014846,-0.00019578
796,0.0010287,0.0096185,-0.00024429
797,0.00035856,0.0041925,-0.00016593
798,-8.3184e-05,-0.00091208,-0.00014727
799,-0.00066719,-0.0062035,-0.00030399
800,-0.0011801,-0.011488,-8.7569e-05
801,-0.0016106,-0.01676,-0.00016593
802,-0.0020673,-0.022268,-0.00011369
803,-0.0025577,-0.027747,-0.00010249
804,-0.0032765,-0.033292,-0.00045325
805,-0.0037669,-0.038711,-0.00030772
806,-0.0040589,-0.044436,-0.00030026
807,-0.0046841,-0.050415,-0.00038981
808,-0.0054328,-0.056222,-0.00021817
809,-0.0059794,-0.062265,-0.00022563
810,-0.0065858,-0.068356,-0.00013235
811,-0.0072896,-0.074697,-0.00011742
812,-0.0078811,-0.081241,-0.00016966
813,-0.0085849,-0.087717,-0.00015473
814,-0.0093523,-0.094458,-0.00021817
815,-0.0099401,-0.10135,-0.00026668
816,-0.010558,-0.1083,-0.00026294
817,-0.01137,-0.11528,-0.00020697
818,-0.012201,-0.12266,-0.00027787
819,-0.012871,-0.12977,-0.00017339
820,-0.013609,-0.13638,-6.8912e-05
821,-0.014324,-0.14351,-0.00018459
822,-0.014915,-0.15046,-0.00021444
823,-0.015687,-0.1571,-0.00019951
824,-0.01639,-0.16359,-0.00019578
825,-0.016959,-0.16988,-0.00028906
826,-0.017663,-0.17617,-0.00023309
827,-0.018408,-0.18207,-0.00021071
828,-0.018988,-0.1877,-0.00029653
829,-0.01949,-0.19316,-0.00016593
830,-0.020044,-0.19835,-9.8763e-05
831,-0.020744,-0.20341,-0.0002928
832,-0.021358,-0.2083,-0.00057638
833,-0.021762,-0.21275,-0.00056892
834,-0.022283,-0.2167,-0.00050922
835,-0.02259,-0.22036,-0.00061743
836,-0.022945,-0.22389,-0.00054653
837,-0.023391,-0.2272,-0.00048683
838,-0.023758,-0.23012,-0.00050922
839,-0.024125,-0.23279,-0.00045698
840,-0.024274,-0.2353,-0.00037489
841,-0.02472,-0.23765,-0.00039727
842,-0.024971,-0.23988,-0.00039354
843,-0.025072,-0.24176,-0.00038235
844,-0.025311,-0.2434,-0.00045325
845,-0.025499,-0.24498,-0.00033757
846,-0.025738,-0.2464,-0.00054653
847,-0.025914,-0.24796,-0.00056892
848,-0.026101,-0.2494,-0.00019578
849,-0.026146,-0.25048,-0.00042339
850,-0.026412,-0.25144,-0.00056892
851,-0.026625,-0.25221,-0.00034504
852,-0.026741,-0.25309,-0.00027414
853,-0.026929,-0.25386,-0.00033757
854,-0.026951,-0.25459,-0.00033011
855,-0.027217,-0.25526,-0.0001622
856,-0.027344,-0.25599,-0.00014354
857,-0.027295,-0.25703,-0.00030399
858,-0.027449,-0.25783,-0.00030399
859,-0.027756,-0.25873,-0.00018832
860,-0.027984,-0.2597,-0.00033384
861,-0.028063,-0.26052,-0.00043086
862,-0.028149,-0.26153,-0.00017712
863,-0.028183,-0.26234,-0.00014354
864,-0.02843,-0.26285,-0.00022563
865,-0.028651,-0.26349,-0.00021817
866,-0.028744,-0.26385,-0.00024056
867,-0.028958,-0.26405,-0.00015473
868,-0.028916,-0.26431,-0.000151
869,-0.028894,-0.26412,-0.00022936
870,-0.028973,-0.26409,-0.00038608
871,-0.029017,-0.26379,-0.00026668
872,-0.029115,-0.26336,2.4373e-05
873,-0.028943,-0.26294,-0.00018459
874,-0.028924,-0.26184,-0.00033384
875,-0.028943,-0.2607,-0.00023682
876,-0.028696,-0.25923,-0.00028906
877,-0.028624,-0.25741,-0.00021444
878,-0.028441,-0.25525,-0.0002219
879,-0.028153,-0.25281,-0.00032265
880,-0.027909,-0.2504,-0.00018085
881,-0.027535,-0.24743,-0.00019205
882,-0.027183,-0.24447,2.8104e-05
883,-0.026891,-0.24148,9.1538e-05
884,-0.026618,-0.23797,-0.00028906
885,-0.026142,-0.23429,-0.00010623
886,-0.0256,-0.23042,-3.1598e-05
887,-0.025214,-0.22659,-0.00019578
888,-0.024727,-0.22239,-0.00017339
889,-0.024229,-0.21762,-5.0255e-05
890,-0.023799,-0.21299,-4.2792e-05
891,-0.023335,-0.20825,-0.00015847
892,-0.022713,-0.20309,-6.5181e-05
893,-0.022006,-0.19801,-0.00018459
894,-0.021515,-0.1927,-5.0255e-05
895,-0.020834,-0.18695,5.4224e-05
896,-0.020149,-0.1813,-0.000151
897,-0.019737,-0.17559,4.6761e-05
898,-0.01903,-0.16949,6.915e-05
899,-0.018419,-0.16345,-6.5181e-05
900,-0.017936,-0.15726,-1.7468e-06
901,-0.017012,-0.15077,-5.4782e-06
902,-0.016188,-0.14439,-3.5329e-05
903,-0.015765,-0.13785,1.691e-05
904,-0.015245,-0.13107,-3.9061e-05
905,-0.014459,-0.12437,4.6761e-05
906,-0.01371,-0.11759,6.915e-05
907,-0.013118,-0.11087,-9.2096e-06
908,-0.01231,-0.10435,5.4224e-05
909,-0.011467,-0.09778,-0.00018085
910,-0.011007,-0.091207,-0.00012115
911,-0.010359,-0.084776,3.5567e-05
912,-0.0094647,-0.078374,-0.00011742
913,-0.0089106,-0.072025,2.0642e-05
914,-0.0084164,-0.065964,4.303e-05
915,-0.0077651,-0.060086,-6.5181e-05
916,-0.0071399,-0.054215,-4.2792e-05
917,-0.0066008,-0.048345,-7.6375e-05
918,-0.0060804,-0.042623,1.3179e-05
919,-0.005444,-0.037156,-2.7867e-05
920,-0.0049349,-0.0317,-9.5032e-05
921,-0.0045456,-0.026319,-2.4135e-05
922,-0.0039466,-0.02117,-2.7867e-05
923,-0.0033214,-0.015964,-0.00011369
924,-0.0028609,-0.010643,-0.00017339
925,-0.0023705,-0.0056094,-1.6672e-05
926,-0.0018352,-0.00050849,-0.00010623
927,-0.001386,0.0048951,-4.6524e-05
928,-0.0010191,0.01013,0.00017736
929,-0.00039765,0.015284,-1.7468e-06
930,0.00020882,0.020556,-3.5329e-05
931,0.00062061,0.025949,-8.7569e-05
932,0.0012907,0.031229,-0.00024429
933,0.0018111,0.036513,-0.00018459
934,0.002148,0.042159,-6.8912e-05
935,0.0026309,0.047903,7.6613e-05
936,0.0032861,0.053643,1.691e-05
937,0.0039899,0.059745,-0.00018832
938,0.0046113,0.06593,-0.00010623
939,0.0052739,0.072085,-3.5329e-05
940,0.0059141,0.078538,-7.6375e-05
941,0.0064981,0.08494,6.915e-05
942,0.0070783,0.091662,0.00014378
943,0.0078345,0.098579,-6.5181e-05
944,0.0085795,0.10529,4.303e-05
945,0.0092346,0.11239,0.00012139
946,0.0099721,0.11942,-6.1449e-05
947,0.010732,0.12634,6.5418e-05
948,0.011432,0.13343,-9.5032e-05
949,0.012267,0.1404,-3.9061e-05
950,0.013053,0.14722,9.1538e-05
951,0.013529,0.15393,-0.00014727
952,0.014229,0.16051,5.716e-06
953,0.01485,0.16684,-2.0404e-05
954,0.01546,0.17313,-9.2096e-06
955,0.016291,0.17907,0.00011766
956,0.016872,0.18472,1.691e-05
957,0.017501,0.19031,5.0493e-05
958,0.018036,0.19562,-1.6672e-05
959,0.018459,0.20089,-1.6672e-05
960,0.019226,0.20564,0.00015124
961,0.019881,0.20986,0.00027438
962,0.02014,0.21397,0.00028557
963,0.020668,0.2177,0.00015124
964,0.021173,0.22131,0.00015497
965,0.021259,0.22465,0.00018109
966,0.021585,0.22745,0.00018482
967,0.021985,0.23008,0.00012885
968,0.022352,0.23259,0.00017363
969,0.022734,0.23493,0.00019975
970,0.022884,0.23701,5.4224e-05
971,0.023034,0.23876,0.00025572
972,0.023202,0.24054,0.00020348
973,0.023509,0.24233,6.5418e-05
974,0.023633,0.24378,0.00012512
975,0.023767,0.24517,0.00015124
976,0.0241,0.24667,0.00030423
977,0.024097,0.24798,0.00020721
978,0.02434,0.24903,0.00014378
979,0.024587,0.24991,7.2881e-05
980,0.02464,0.2507,2.8104e-05
981,0.024958,0.25148,6.915e-05
982,0.025089,0.25232,-5.3986e-05
983,0.025201,0.25313,0.00012512
984,0.025209,0.25394,0.00017736
985,0.025272,0.25485,-2.0404e-05
986,0.025793,0.25573,0.00015497
987,0.025984,0.25665,0.00024453
988,0.02589,0.25761,6.1687e-05
989,0.026118,0.25856,5.716e-06
990,0.026294,0.25949,5.716e-06
991,0.02635,0.26015,-5.4782e-06
992,0.026545,0.261,-5.3986e-05
993,0.026627,0.26172,-6.8912e-05
994,0.026773,0.26176,-0.00010623
995,0.02677,0.26205,-0.00017339
996,0.026901,0.26233,-6.1449e-05
997,0.027163,0.26226,-2.7867e-05
998,0.026946,0.26219,-0.00012115
999,0.027069,0.26186,-0.00014727
1000,0.027174,0.26136,-3.9061e-05
1001,0.027099,0.2607,-3.1598e-05
1002,0.027006,0.25987,-0.00019205
1003,0.026871,0.25862,-0.00012115
1004,0.026818,0.2569,-2.0404e-05
1005,0.026437,0.25515,6.1687e-05
1006,0.026373,0.25313,0.00017736
1007,0.026208,0.25063,5.7956e-05
1008,0.025725,0.24794,-2.0404e-05
1009,0.025486,0.24518,-5.4782e-06
1010,0.025194,0.24236,1.9846e-06
1011,0.024812,0.2392,-8.3838e-05
1012,0.024437,0.23589,-0.00014727
1013,0.024202,0.23252,-5.0255e-05
1014,0.023674,0.22872,-0.00012115
1015,0.023318,0.22479,-0.00019205
1016,0.022951,0.22066,-0.00027041
1017,0.022352,0.21633,-0.00025175
1018,0.022064,0.21177,-5.7718e-05
1019,0.021379,0.20696,-9.13e-05
1020,0.020728,0.20212,-0.00019951
1021,0.020275,0.19679,-0.00024056
1022,0.01972,0.19137,-0.00017712
1023,0.019073,0.18609,-0.00030399
1024,0.018421,0.18055,-0.00044205
1025,0.017931,0.1747,-0.00024056
1026,0.017238,0.16866,-0.00018085
1027,0.016643,0.16263,-0.00024429
1028,0.015932,0.15643,-0.00025921
1029,0.015116,0.14984,-0.00021444
1030,0.014513,0.14324,-0.00014354
1031,0.013858,0.13672,-0.00028906
1032,0.01324,0.13003,-0.0002816
1033,0.012458,0.12343,-0.0002219
1034,0.01175,0.11679,-0.00045325
1035,0.011062,0.11007,-0.00044205
1036,0.010287,0.10357,-0.0002928
1037,0.009886,0.097081,-0.00013235
1038,0.0091448,0.090676,-7.6375e-05
1039,0.0084185,0.084181,-0.00019951
1040,0.0079543,0.077757,-0.00025921
1041,0.0071382,0.071696,-0.00035996
1042,0.0065393,0.06559,-0.00025548
1043,0.0059515,0.059379,-0.00025175
1044,0.0052889,0.053516,-0.00022936
1045,0.0046749,0.047884,-9.13e-05
1046,0.0041733,0.042219,-0.00022563
1047,0.0037241,0.036707,-0.00030399
1048,0.0031064,0.031311,-0.00045325
1049,0.0025635,0.025956,-0.0003525
1050,0.0020582,0.02065,-0.00018085
1051,0.0015228,0.015459,-0.00037116
1052,0.00088267,0.010228,-0.00025548
1053,0.0004821,0.0050259,-0.0002928
1054,6.2816e-05,-5.6325e-05,-0.00024429
1055,-0.00052119,-0.005288,-5.0255e-05
1056,-0.00096667,-0.010677,-0.00038235
1057,-0.0014496,-0.01586,-0.0003413
1058,-0.0018876,-0.020878,-0.00024802
1059,-0.0024379,-0.026357,-0.00028906
1060,-0.0029171,-0.03194,-0.00025921
1061,-0.0033776,-0.037295,-0.00038608
1062,-0.0039915,-0.042896,-0.0002928
1063,-0.0045568,-0.048621,-0.00030772
1064,-0.0051483,-0.054499,-0.00027787
1065,-0.0058408,-0.060617,-0.00025548
1066,-0.0064997,-0.06679,-0.00037862
1067,-0.0071361,-0.073288,-0.00028533
1068,-0.0078661,-0.07985,-0.00024802
1069,-0.0085175,-0.086259,-0.00028906
1070,-0.0091202,-0.092926,-0.00028906
1071,-0.0097679,-0.099805,-0.00020697
1072,-0.010479,-0.10671,-0.00017712
1073,-0.011303,-0.11355,-0.00018459
1074,-0.01198,-0.12043,-0.00015847
1075,-0.012549,-0.1275,-0.00018085
1076,-0.013276,-0.1345,-9.8763e-05
1077,-0.014043,-0.14148,-0.00014727
1078,-0.014702,-0.14831,-0.00028533
1079,-0.015308,-0.15497,-0.0002219
1080,-0.016053,-0.16155,-0.00025921
1081,-0.016851,-0.16792,-0.00026294
1082,-0.017483,-0.17432,-0.00018085
1083,-0.018101,-0.18035,-0.00014727
1084,-0.018775,-0.18599,1.9846e-06
1085,-0.019284,-0.1916,-0.00025921
1086,-0.019861,-0.19694,-0.00044205
1087,-0.020508,-0.20204,-0.00017339
1088,-0.021205,-0.20688,-0.00044205
1089,-0.021905,-0.21149,-0.0006137
1090,-0.022185,-0.21565,-0.00046071
1091,-0.02253,-0.21942,-0.0004831
1092,-0.022912,-0.22291,-0.00058758
1093,-0.023264,-0.22608,-0.00061743
1094,-0.023672,-0.22902,-0.00052787
1095,-0.023814,-0.23173,-0.00050175
1096,-0.024083,-0.23432,-0.00025548
1097,-0.024402,-0.23655,-0.00038981
1098,-0.024645,-0.23835,-0.00059131
1099,-0.024862,-0.24038,-0.00043832
1100,-0.025102,-0.24231,-0.00044951
1101,-0.025364,-0.24389,-0.00044578
1102,-0.025528,-0.24554,-0.00047563
1103,-0.025802,-0.24701,-0.00044951
1104,-0.025955,-0.24821,-0.00047937
1105,-0.026,-0.24936,-0.00043459
1106,-0.026217,-0.25043,-0.00026668
1107,-0.026457,-0.25127,-0.00030772
1108,-0.026562,-0.25203,-0.00030772
1109,-0.026726,-0.2528,-0.0002219
1110,-0.026962,-0.25352,-0.00033384
1111,-0.027037,-0.25439,-0.00040847
1112,-0.027003,-0.25554,-0.0002928
1113,-0.027295,-0.25645,-0.00031518
1114,-0.027666,-0.25725,-0.00030772
1115,-0.027737,-0.25846,-0.00028533
1116,-0.02782,-0.25968,-0.00032265
1117,-0.027902,-0.26056,-0.00031892
1118,-0.028153,-0.26141,-0.00027414
1119,-0.028445,-0.26233,-0.00017339
1120,-0.028565,-0.26309,-0.00028533
1121,-0.028654,-0.26352,-0.00033757
1122,-0.028699,-0.26391,-0.0002219
1123,-0.028875,-0.26432,-0.00015473
1124,-0.029036,-0.2646,-8.7569e-05
1125,-0.029111,-0.26474,-0.00010249
1126,-0.029107,-0.26453,-5.7718e-05
1127,-0.029032,-0.26432,-9.5032e-05
1128,-0.029193,-0.26402,-0.00027414
1129,-0.029134,-0.26325,-0.00032638
1130,-0.028778,-0.26211,-0.00016593
1131,-0.028879,-0.26072,-0.00010996
1132,-0.028928,-0.25915,-0.00019951
1133,-0.028482,-0.25724,-0.0001622
1134,-0.028254,-0.25522,-0.00019578
1135,-0.028089,-0.25285,-0.00021071
1136,-0.027703,-0.2502,-0.00014354
1137,-0.027426,-0.24752,-8.0106e-05
1138,-0.027206,-0.24452,-0.00011369
1139,-0.026988,-0.24153,-0.00020324
1140,-0.026513,-0.23826,-0.00015847
1141,-0.026083,-0.23457,-0.00018085
1142,-0.025682,-0.23092,-0.000151
1143,-0.025154,-0.22691,-0.00010996
1144,-0.02487,-0.2226,-7.2643e-05
1145,-0.024349,-0.21834,-1.2941e-05
1146,-0.023833,-0.21368,4.6761e-05
1147,-0.023312,-0.20895,4.303e-05
1148,-0.022721,-0.20415,-0.0001622
1149,-0.02229,-0.19893,-5.0255e-05
1150,-0.021691,-0.19384,-5.3986e-05
1151,-0.021036,-0.18825,-0.00012488
1152,-0.020415,-0.18247,1.3179e-05
1153,-0.019842,-0.17674,3.1836e-05
1154,-0.019228,-0.17047,3.1836e-05
1155,-0.018651,-0.16428,-0.0001622
1156,-0.017951,-0.15792,-1.2941e-05
1157,-0.017139,-0.15147,8.4075e-05
1158,-0.016439,-0.14512,5.716e-06
1159,-0.015735,-0.13838,0.00012512
1160,-0.015121,-0.13155,-0.00013608
1161,-0.014459,-0.12484,-9.5032e-05
1162,-0.01365,-0.11812,6.5418e-05
1163,-0.01298,-0.11146,-4.2792e-05
1164,-0.012396,-0.10477,3.5567e-05
1165,-0.011546,-0.098045,-0.00010996
1166,-0.010839,-0.091614,-2.7867e-05
1167,-0.010374,-0.085164,2.4373e-05
1168,-0.0097117,-0.078703,-8.7569e-05
1169,-0.0090641,-0.072575,0.00020348
1170,-0.0083715,-0.066573,-0.00011369
1171,-0.0076303,-0.060609,-0.00014727
1172,-0.0070837,-0.054697,8.7807e-05
1173,-0.0065521,-0.049006,-4.6524e-05
1174,-0.0059232,-0.043371,9.1538e-05
1175,-0.0055301,-0.037848,-0.00011369
1176,-0.0050098,-0.032481,-6.5181e-05
1177,-0.0042685,-0.027029,-5.3986e-05
1178,-0.0039204,-0.021719,-0.00017712
1179,-0.0033401,-0.016394,-0.00012488
1180,-0.0028235,-0.011166,-0.0002219
1181,-0.0024566,-0.005785,-6.5181e-05
1182,-0.0017379,-0.00035528,-9.8763e-05
1183,-0.0013822,0.0047643,-1.2941e-05
1184,-0.00094421,0.01025,5.0493e-05
1185,-0.00033401,0.015497,-9.5032e-05
1186,0.00011523,0.020814,-4.2792e-05
1187,0.00068425,0.026472,-8.3838e-05
1188,0.0011372,0.031902,-2.7867e-05
1189,0.00174,0.037522,1.9846e-06
1190,0.0023427,0.04309,-1.2941e-05
1191,0.0027882,0.048875,0.00010646
1192,0.003462,0.054869,-5.0255e-05
1193,0.0040086,0.061001,-1.2941e-05
1194,0.0046674,0.067354,0.0001587
1195,0.0054162,0.073643,-8.0106e-05
1196,0.0059253,0.080145,5.0493e-05
1197,0.0067302,0.086771,4.6761e-05
1198,0.007404,0.093415,-4.2792e-05
1199,0.0080592,0.10017,5.0493e-05
1200,0.0089239,0.10714,-0.00013608
1201,0.0095341,0.11398,-1.6672e-05
1202,0.010257,0.12091,-0.00010996
1203,0.01093,0.12813,-0.00012488
1204,0.011679,0.13513,5.7956e-05
1205,0.01254,0.14214,-4.2792e-05
1206,0.013154,0.149,2.0642e-05
1207,0.013847,0.15577,-2.4135e-05
1208,0.014491,0.16238,1.9846e-06
1209,0.015063,0.16888,3.1836e-05
1210,0.015831,0.17546,5.716e-06
1211,0.01655,0.1814,3.9299e-05
1212,0.017063,0.18718,-0.00016593
1213,0.017695,0.19301,-0.00012861
1214,0.018354,0.1983,3.9299e-05
1215,0.018818,0.20341,7.6613e-05
1216,0.019533,0.20852,0.00012139
1217,0.020267,0.21316,0.00021841
1218,0.020533,0.21727,0.00024826
1219,0.020945,0.22108,0.00019602
1220,0.021319,0.22467,0.00020348
1221,0.021487,0.2278,0.00012512
1222,0.022109,0.23066,0.00021094
1223,0.022356,0.23323,0.00022214
1224,0.02245,0.23544,0.0002296
1225,0.022932,0.23784,0.00022214
1226,0.023097,0.23994,8.4075e-05
1227,0.023382,0.2418,0.00017736
1228,0.023606,0.24379,0.00024079
1229,0.023659,0.24537,0.00020348
1230,0.023917,0.24697,9.9001e-05
1231,0.024056,0.24857,0.00032662
1232,0.024217,0.24978,0.00025572
1233,0.02449,0.25098,4.303e-05
1234,0.024831,0.25201,0.00031915
1235,0.025033,0.25291,0.0001102
1236,0.025048,0.25387,5.0493e-05
1237,0.025152,0.25462,7.2881e-05
1238,0.025224,0.25559,2.0642e-05
1239,0.025444,0.25661,4.6761e-05
1240,0.025594,0.25747,-6.1449e-05
1241,0.025733,0.25852,0.00021841
1242,0.026126,0.25968,0.00014005
1243,0.026253,0.26082,-2.7867e-05
1244,0.026328,0.26178,9.9001e-05
1245,0.026549,0.26268,2.0642e-05
1246,0.026725,0.26369,7.2881e-05
1247,0.026919,0.26468,4.6761e-05
1248,0.027069,0.26535,-6.5181e-05
1249,0.027032,0.26585,-1.6672e-05
1250,0.027204,0.26651,-7.6375e-05
1251,0.027571,0.26685,-3.1598e-05
1252,0.027575,0.26691,7.6613e-05
1253,0.027612,0.26708,-0.00010249
1254,0.027661,0.26702,-0.00020324
1255,0.027563,0.26661,-0.00013981
1256,0.027601,0.26602,-0.00013608
1257,0.027545,0.26522,-0.00012115
1258,0.027462,0.26387,-0.00010623
1259,0.02723,0.26253,-9.2096e-06
1260,0.027092,0.2609,5.4224e-05
1261,0.027174,0.2585,-8.3838e-05
1262,0.026751,0.25636,-2.4135e-05
1263,0.026384,0.25396,-9.8763e-05
1264,0.026276,0.25132,-0.00025548
1265,0.025849,0.24862,-3.9061e-05
1266,0.025471,0.24549,-0.00013235
1267,0.025186,0.24239,-0.00018085
1268,0.024838,0.23891,-8.3838e-05
1269,0.02452,0.23526,-0.0002219
1270,0.02413,0.2315,-0.00021817
1271,0.023677,0.22745,-7.2643e-05
1272,0.023153,0.2232,-0.00013235
1273,0.022655,0.21852,-0.00036369
1274,0.022064,0.21401,-0.00024802
1275,0.021574,0.20931,-0.00017712
1276,0.021259,0.20416,-0.00031145
1277,0.020529,0.19906,-0.00031892
1278,0.019934,0.19364,-0.00024429
1279,0.019369,0.18782,-0.00021444
1280,0.018481,0.18192,-0.00029653
1281,0.017905,0.17585,-0.00016966
1282,0.017291,0.16965,-0.00018832
1283,0.016643,0.16333,-0.00021444
1284,0.016033,0.15689,-6.8912e-05
1285,0.01534,0.15025,-0.00025921
1286,0.014625,0.14344,-0.00019578
1287,0.013865,0.13686,-0.0001622
1288,0.013263,0.13016,-0.00043832
1289,0.012454,0.12342,-0.00019205
1290,0.011724,0.11668,-0.00019205
1291,0.011226,0.10986,-0.00038235
1292,0.010414,0.10314,-0.00018085
1293,0.0096614,0.096513,-0.00025921
1294,0.0090175,0.090025,-0.00022563
1295,0.0083624,0.083564,-0.00014727
1296,0.0078795,0.077387,-0.00032638
1297,0.0071195,0.071281,-0.00021071
1298,0.0063334,0.065231,-0.00020697
1299,0.0059627,0.059282,-0.00037489
1300,0.0054311,0.053449,-0.00027041
1301,0.0048022,0.047993,-0.00022936
1302,0.0040984,0.042242,-0.00022936
1303,0.0035406,0.036726,-0.00015473
1304,0.003155,0.031356,-0.00021071
1305,0.0024026,0.025792,-0.00017339
1306,0.002017,0.020616,-0.00019578
1307,0.0016127,0.015127,-0.00021444
1308,0.00091261,0.0096372,-6.1449e-05
1309,0.00044466,0.0046522,-0.00024056
1310,-5.3235e-05,-0.00082239,-0.00031145
1311,-0.00044257,-0.0065697,-0.00016593
1312,-0.00092924,-0.011708,-0.00037862
1313,-0.0014346,-0.017055,-0.00030772
1314,-0.0019475,-0.022541,-0.00012488
1315,-0.0027299,-0.027822,-0.00040101
1316,-0.0031717,-0.033528,-0.00031145
1317,-0.0037145,-0.039163,-0.00013608
1318,-0.0043846,-0.044828,-0.00020324
1319,-0.0047477,-0.050871,-0.00025175
1320,-0.0055676,-0.056805,-0.00028533
1321,-0.0062077,-0.062911,-0.0002219
1322,-0.0067393,-0.069387,-0.00032265
1323,-0.007488,-0.075688,-0.0003413
1324,-0.0079747,-0.082175,-0.00031892
1325,-0.0087197,-0.088804,-0.00025548
1326,-0.009401,-0.095362,-0.00020697
1327,-0.010067,-0.10228,-0.00020697
1328,-0.010786,-0.10924,-0.00019951
1329,-0.011512,-0.11622,-0.00034504
1330,-0.012332,-0.12315,-0.00024429
1331,-0.013021,-0.13027,-0.00019205
1332,-0.013811,-0.13739,-0.00024802
1333,-0.014395,-0.14424,-0.00025548
1334,-0.015095,-0.1512,-0.00037489
1335,-0.015915,-0.15781,-0.00034877
1336,-0.016383,-0.16446,-0.00019951
1337,-0.017038,-0.17093,-0.00028533
1338,-0.017775,-0.17706,-0.00031145
1339,-0.018461,-0.18342,-0.0002219
1340,-0.019015,-0.18917,-0.00024056
1341,-0.01955,-0.19467,-0.00028906
1342,-0.020231,-0.20012,-0.00030772
1343,-0.020703,-0.20528,-0.00020324
1344,-0.021414,-0.21032,-0.00058758
1345,-0.022103,-0.21473,-0.00068832
1346,-0.022361,-0.21869,-0.00039354
1347,-0.022889,-0.22251,-0.00050922
1348,-0.023372,-0.22595,-0.0004122
1349,-0.023608,-0.22902,-0.00046071
1350,-0.023945,-0.23176,-0.00052041
1351,-0.024214,-0.23433,-0.0004719
1352,-0.024488,-0.23663,-0.00047937
1353,-0.024731,-0.23859,-0.00040474
1354,-0.024941,-0.24064,-0.0004831
1355,-0.025203,-0.24278,-0.00045698
1356,-0.025472,-0.24473,-0.00038608
1357,-0.025731,-0.24631,-0.00038981
1358,-0.025862,-0.24777,-0.00044205
1359,-0.026135,-0.24929,-0.00045325
1360,-0.026311,-0.25062,-0.00039727
1361,-0.026416,-0.25177,-0.00044578
1362,-0.02661,-0.25279,-0.00028906
1363,-0.026652,-0.25353,-0.0003413
1364,-0.026936,-0.25433,-0.00042713
1365,-0.027142,-0.2554,-0.00018459
1366,-0.027179,-0.25637,-0.00026668
1367,-0.027314,-0.25712,-0.00031518
1368,-0.02752,-0.25809,-0.00030026
1369,-0.027805,-0.25919,-0.00034877
1370,-0.027872,-0.26026,-0.00042339
1371,-0.027973,-0.26138,-0.00033757
1372,-0.02813,-0.26226,-0.00024802
1373,-0.028216,-0.26324,-0.00050549
1374,-0.028493,-0.26423,-0.00028533
1375,-0.028789,-0.26477,-0.00019205
1376,-0.028853,-0.26562,-0.0004122
1377,-0.028868,-0.26625,-0.00027787
1378,-0.028995,-0.26654,-0.00037489
1379,-0.029216,-0.26708,-0.00034877
1380,-0.029336,-0.26725,-0.00013608
1381,-0.029328,-0.26744,-0.0001622
1382,-0.029452,-0.26717,-0.00016966
1383,-0.029354,-0.26671,-0.00025548
1384,-0.02922,-0.26628,-0.00020697
1385,-0.02931,-0.26511,-0.00016593
1386,-0.029122,-0.26407,-0.00030772
1387,-0.029077,-0.2627,-0.00030399
1388,-0.029066,-0.26106,-0.00019951
1389,-0.028639,-0.25921,-2.4135e-05
1390,-0.028527,-0.25699,-9.8763e-05
1391,-0.028396,-0.25472,-0.00013608
1392,-0.027951,-0.25193,-0.00011742
1393,-0.02773,-0.24912,-0.00036369
1394,-0.027449,-0.24621,-8.3838e-05
1395,-0.027037,-0.24298,9.4474e-06
1396,-0.026592,-0.23947,-0.00017339
1397,-0.026165,-0.23577,-2.0404e-05
1398,-0.025895,-0.2321,-0.00015847
1399,-0.025424,-0.2279,-0.000151
1400,-0.024873,-0.22351,-0.00012861
1401,-0.024506,-0.21915,-8.7569e-05
1402,-0.02393,-0.21449,2.4373e-05
1403,-0.023402,-0.20985,-3.1598e-05
1404,-0.023035,-0.20489,2.8104e-05
1405,-0.02226,-0.19961,-5.3986e-05
1406,-0.021605,-0.19416,-9.13e-05
1407,-0.021186,-0.1884,-0.00016593
1408,-0.020452,-0.18254,-0.00013608
1409,-0.019737,-0.17633,-1.7468e-06
1410,-0.019048,-0.1701,-0.00013981
1411,-0.018363,-0.1639,-0.00022936
1412,-0.01788,-0.15736,-0.00018085
1413,-0.017173,-0.15084,5.0493e-05
1414,-0.016405,-0.1443,7.2881e-05
1415,-0.015683,-0.13758,-9.8763e-05
1416,-0.014942,-0.13062,-9.5032e-05
1417,-0.014414,-0.12395,-6.8912e-05
1418,-0.013643,-0.11741,2.8104e-05
1419,-0.012864,-0.11033,0.00010646
1420,-0.012235,-0.10379,9.9001e-05
1421,-0.011516,-0.097444,6.5418e-05
1422,-0.010913,-0.090717,-1.6672e-05
1423,-0.010105,-0.084357,-0.00010996
1424,-0.0094572,-0.07796,-1.6672e-05
1425,-0.008978,-0.071745,2.0642e-05
1426,-0.0083416,-0.066046,-0.00016593
1427,-0.0077725,-0.060176,-4.6524e-05
1428,-0.0070837,-0.054283,0.00011766
1429,-0.0064773,-0.048569,4.6761e-05
1430,-0.0058745,-0.042967,-5.4782e-06
1431,-0.0053954,-0.037496,-8.3838e-05
1432,-0.0049948,-0.031913,-9.5032e-05
1433,-0.0043135,-0.026618,-0.00012861
1434,-0.0039017,-0.021278,-9.5032e-05
1435,-0.0033701,-0.015718,-3.5329e-05
1436,-0.0026812,-0.010632,-0.00013235
1437,-0.0024641,-0.0053179,-0.00016966
1438,-0.00197,1.0939e-05,-8.7569e-05
1439,-0.00121,0.0051716,-8.7569e-05
1440,-0.00085437,0.010687,-0.00011742
1441,-0.00048749,0.016072,-3.5329e-05
1442,0.0002163,0.02133,-3.9061e-05
1443,0.00091636,0.026737,-3.1598e-05
1444,0.0013356,0.032417,-7.6375e-05
1445,0.0018223,0.038,-0.0001622
1446,0.0023576,0.04371,-2.7867e-05
1447,0.0029529,0.049562,2.4373e-05
1448,0.0036604,0.055306,-9.13e-05
1449,0.0040498,0.061573,3.5567e-05
1450,0.0046525,0.067847,-1.7468e-06
1451,0.005375,0.074058,-0.00011742
1452,0.0059478,0.080511,-6.1449e-05
1453,0.0068163,0.087085,-0.00018832
1454,0.0076212,0.093833,-1.6672e-05
1455,0.0081715,0.10056,2.0642e-05
1456,0.0087517,0.10751,-4.2792e-05
1457,0.0095529,0.1146,-0.00013981
1458,0.010309,0.12158,-0.00026294
1459,0.01105,0.1288,5.7956e-05
1460,0.011754,0.13596,-1.2941e-05
1461,0.012409,0.14285,-6.8912e-05
1462,0.013338,0.14982,2.4373e-05
1463,0.013914,0.15665,-4.6524e-05
1464,0.014468,0.16334,5.7956e-05
1465,0.015303,0.16977,2.8104e-05
1466,0.016037,0.17615,-0.00012861
1467,0.016703,0.18244,-0.00014354
1468,0.017201,0.18813,-3.1598e-05
1469,0.017894,0.19389,1.3179e-05
1470,0.018436,0.1993,-0.00016593
1471,0.018867,0.20434,-7.6375e-05
1472,0.019578,0.20934,0.00031915
1473,0.020061,0.2138,0.00035647
1474,0.020533,0.21784,0.00042363
1475,0.021154,0.22145,0.00033408
1476,0.021525,0.22486,0.00012885
1477,0.021705,0.22786,0.00027065
1478,0.021959,0.2306,0.00021467
1479,0.022371,0.23335,0.00018855
1480,0.022734,0.23563,0.0001699
1481,0.022869,0.23778,0.00018109
1482,0.023071,0.2399,0.00025945
1483,0.023329,0.24183,2.4373e-05
1484,0.023565,0.24363,-3.1598e-05
1485,0.02388,0.2453,0.00018109
1486,0.023969,0.24698,0.00020721
1487,0.024205,0.24848,0.00015124
1488,0.024598,0.24968,0.0002296
1489,0.02467,0.25075,0.00025572
1490,0.024752,0.25184,2.4373e-05
1491,0.024853,0.25286,-5.3986e-05
1492,0.025059,0.25364,0.0001699
1493,0.025209,0.25455,0.00010273
1494,0.025235,0.25554,6.915e-05
1495,0.025377,0.25649,0.0001699
1496,0.025493,0.25748,0.00017736
1497,0.025894,0.25833,0.00023333
1498,0.026156,0.25942,0.00016617
1499,0.026081,0.2606,0.00013631
1500,0.02632,0.26148,5.0493e-05
1501,0.026526,0.26238,0.0001699
1502,0.026485,0.26319,0.00020721
1503,0.02674,0.2639,-7.2643e-05
1504,0.026919,0.26458,-5.3986e-05
1505,0.026916,0.26514,-9.5032e-05
1506,0.027226,0.2657,-7.6375e-05
1507,0.027339,0.26618,4.6761e-05
1508,0.027365,0.26651,-7.6375e-05
1509,0.027492,0.26648,-6.5181e-05
1510,0.027429,0.26607,-5.4782e-06
1511,0.027432,0.26569,2.4373e-05
1512,0.027496,0.26508,0.00014005
1513,0.02747,0.26419,1.3179e-05
1514,0.027369,0.26308,-3.5329e-05
1515,0.0272,0.2617,-1.7468e-06
1516,0.027002,0.26007,-0.000151
1517,0.026875,0.25817,-0.0001622
1518,0.026714,0.25607,-0.00013608
1519,0.026523,0.25372,-8.0106e-05
1520,0.026189,0.25119,-0.00010996
1521,0.025905,0.24847,-9.8763e-05
1522,0.025721,0.24541,-3.5329e-05
1523,0.025197,0.24199,-8.0106e-05
1524,0.024763,0.2384,-1.6672e-05
1525,0.024407,0.23488,-0.00025175
1526,0.023891,0.23109,-0.0002816
1527,0.023464,0.22706,-0.00015847
1528,0.023056,0.22294,-0.00027414
1529,0.022618,0.21835,-0.00019951
1530,0.022143,0.21373,-0.00025175
1531,0.021645,0.20905,-0.00025175
1532,0.021091,0.20405,-0.00027414
1533,0.020495,0.1987,-0.00024802
1534,0.019788,0.19304,-0.00014727
1535,0.01911,0.18746,-8.3838e-05
1536,0.018698,0.18139,-0.00013608
1537,0.01798,0.17513,-0.00027787
1538,0.017175,0.1691,-0.00018085
1539,0.016714,0.16279,-0.00024429
1540,0.016048,0.15636,-0.00015473
1541,0.015284,0.14979,-0.00023309
1542,0.014509,0.14306,-0.00027414
1543,0.013764,0.13633,-6.8912e-05
1544,0.013139,0.12951,-0.0004122
1545,0.012439,0.12272,-0.00031892
1546,0.01172,0.11607,-0.00016966
1547,0.011054,0.10933,-0.00040474
1548,0.010373,0.10266,-0.0002816
1549,0.0097026,0.096154,-0.00018832
1550,0.0090512,0.089667,-0.00027414
1551,0.0083549,0.083374,-0.0003413
1552,0.0077746,0.077204,-0.00043086
1553,0.0071158,0.071203,-0.00031518
1554,0.0064981,0.065227,-0.00019578
1555,0.0058954,0.059196,-0.00039727
1556,0.0051803,0.05349,-0.00027787
1557,0.00466,0.047922,-0.00016966
1558,0.004061,0.042242,-0.00028533
1559,0.0035893,0.036606,-0.00025921
1560,0.0029903,0.031199,-0.00027041
1561,0.0023764,0.025796,-0.00015473
1562,0.0021555,0.020478,-0.00020697
1563,0.0016239,0.015314,-0.00023682
1564,0.0010923,0.0099548,-0.00025175
1565,0.0005682,0.0046933,-0.00037489
1566,-6.0723e-05,-0.00047486,-0.00023682
1567,-0.0004276,-0.0056804,-0.00028906
1568,-0.00096293,-0.010923,-0.00022563
1569,-0.0014758,-0.016345,-6.5181e-05
1570,-0.001925,-0.021686,-0.00020324
1571,-0.0025278,-0.027003,-0.0001622
1572,-0.0030781,-0.032515,-0.00022936
1573,-0.0036246,-0.038247,-0.00038981
1574,-0.0042461,-0.04398,-0.00022936
1575,-0.0048338,-0.04966,-0.00028533
1576,-0.0053542,-0.055553,-0.00036742
1577,-0.0058783,-0.061655,-0.00020324
1578,-0.006466,-0.067866,-0.00010249
1579,-0.0072073,-0.074036,-0.00019578
1580,-0.0079672,-0.080415,-0.0003525
1581,-0.0085512,-0.087025,-0.00010996
1582,-0.0090678,-0.093636,-5.3986e-05
1583,-0.009869,-0.10044,-0.0002816
1584,-0.010633,-0.10729,-0.00019951
1585,-0.011273,-0.11427,-0.00017712
1586,-0.012111,-0.12122,-0.00033757
1587,-0.012763,-0.12834,-0.00031518
1588,-0.013459,-0.13561,-0.00013981
1589,-0.014227,-0.14229,-0.00017339
1590,-0.0149,-0.14915,-0.00021444
1591,-0.015724,-0.15602,-0.00018085
1592,-0.016364,-0.16268,-0.00015847
1593,-0.016914,-0.16933,-0.0001622
1594,-0.017498,-0.17548,-0.00034877
1595,-0.018296,-0.18167,-0.00037862
1596,-0.019093,-0.18771,-0.00030399
1597,-0.019527,-0.1933,-0.00034877
1598,-0.020126,-0.19867,-0.00026294
1599,-0.020714,-0.20381,-0.00021817
1600,-0.021422,-0.2087,-0.00039354
1601,-0.022066,-0.21318,-0.00046817
1602,-0.022331,-0.2171,-0.00046071
1603,-0.022657,-0.22066,-0.00050175
1604,-0.023061,-0.22412,-0.00052414
1605,-0.023518,-0.22711,-0.00058384
1606,-0.023724,-0.22981,-0.00056519
1607,-0.023889,-0.23239,-0.00059504
1608,-0.024214,-0.23479,-0.00064355
1609,-0.024578,-0.23711,-0.00039727
1610,-0.024847,-0.23928,-0.00035623
1611,-0.024971,-0.24113,-0.00053161
1612,-0.025311,-0.2428,-0.00044951
1613,-0.025532,-0.24447,-0.00044951
1614,-0.025693,-0.24605,-0.00049056
1615,-0.025884,-0.24749,-0.00040474
1616,-0.025933,-0.24861,-0.00044578
1617,-0.026262,-0.24982,-0.00054653
1618,-0.026419,-0.25097,-0.00047563
1619,-0.026419,-0.25198,-0.00034504
1620,-0.026745,-0.25309,-0.00033011
1621,-0.026813,-0.25407,-0.00040847
1622,-0.026951,-0.25497,-0.0004122
1623,-0.027224,-0.25567,-0.00032265
1624,-0.027269,-0.25655,-0.00033757
1625,-0.027546,-0.2576,-0.00046071
1626,-0.027632,-0.25852,-0.00040101
1627,-0.027718,-0.25946,-0.00021444
1628,-0.028033,-0.26043,-0.00025921
1629,-0.028074,-0.26135,-0.00027414
1630,-0.028295,-0.26221,-0.00030772
1631,-0.028508,-0.26307,-0.00039727
1632,-0.028538,-0.26372,-0.00022936
1633,-0.028789,-0.26429,-0.00019205
1634,-0.028898,-0.26482,-0.00033011
1635,-0.028943,-0.26522,-0.00021444
1636,-0.029134,-0.26549,-0.00022563
1637,-0.029119,-0.26541,-0.00031892
1638,-0.028954,-0.2651,-0.00013235
1639,-0.02907,-0.2646,-0.00025548
1640,-0.029291,-0.26415,-0.00025175
1641,-0.029044,-0.26338,-0.00010996
1642,-0.028935,-0.26222,-0.00023682
1643,-0.02901,-0.26106,-0.00018459
1644,-0.028711,-0.2595,-0.00026668
1645,-0.028463,-0.2577,-0.00020697
1646,-0.02828,-0.25554,-5.0255e-05
1647,-0.028063,-0.25312,-0.00014354
1648,-0.027853,-0.25071,-0.00022936
1649,-0.027614,-0.24789,-0.00021071
1650,-0.02731,-0.24472,-0.00010623
1651,-0.026816,-0.24157,-0.00021444
1652,-0.026479,-0.23825,-0.00011742
1653,-0.026165,-0.23461,-5.4782e-06
1654,-0.025742,-0.231,-0.00019951
1655,-0.025341,-0.22718,-0.00015473
1656,-0.024765,-0.22308,1.9846e-06
1657,-0.024424,-0.21865,9.9001e-05
1658,-0.023982,-0.21404,-5.4782e-06
1659,-0.0232,-0.2094,-6.5181e-05
1660,-0.022698,-0.2044,7.6613e-05
1661,-0.022234,-0.19908,4.6761e-05
1662,-0.021605,-0.19345,3.1836e-05
1663,-0.021107,-0.18766,3.1836e-05
1664,-0.020501,-0.18183,1.3179e-05
1665,-0.019804,-0.17565,4.303e-05
1666,-0.019123,-0.16936,4.303e-05
1667,-0.018348,-0.16313,0.00013258
1668,-0.017828,-0.15668,0.00016617
1669,-0.017087,-0.15015,-3.9061e-05
1670,-0.016289,-0.14364,-7.2643e-05
1671,-0.015664,-0.13692,5.7956e-05
1672,-0.014897,-0.13012,3.5567e-05
1673,-0.014301,-0.12343,4.303e-05
1674,-0.013605,-0.11685,-8.0106e-05
1675,-0.013029,-0.11018,-0.00018085
1676,-0.012381,-0.10351,3.5567e-05
1677,-0.011531,-0.097212,1.9846e-06
1678,-0.01091,-0.090811,-0.00014727
1679,-0.010157,-0.084484,-7.2643e-05
1680,-0.0096369,-0.0784,-0.00010249
1681,-0.0090828,-0.072246,-6.8912e-05
1682,-0.0083041,-0.066256,4.303e-05
1683,-0.0079148,-0.06025,2.0642e-05
1684,-0.0072784,-0.054552,-4.2792e-05
1685,-0.0066008,-0.048954,-8.0106e-05
1686,-0.0060767,-0.04309,-4.2792e-05
1687,-0.0054403,-0.037582,2.4373e-05
1688,-0.0050135,-0.032227,-5.7718e-05
1689,-0.004422,-0.026861,-0.00013235
1690,-0.0039466,-0.021611,-4.6524e-05
1691,-0.0034262,-0.016357,-4.2792e-05
1692,-0.0027898,-0.011204,-5.7718e-05
1693,-0.0024267,-0.0060989,1.691e-05
1694,-0.0019512,-0.00076634,1.3179e-05
1695,-0.0015207,0.0045251,-2.0404e-05
1696,-0.00096667,0.0097082,-3.9061e-05
1697,-0.00034149,0.015078,-5.0255e-05
1698,0.00016764,0.020414,-9.5032e-05
1699,0.00070297,0.025938,-0.00016593
1700,0.0011672,0.031584,-2.7867e-05
1701,0.0017025,0.037006,-2.7867e-05
1702,0.0024063,0.04278,9.4474e-06
1703,0.0029267,0.048568,0.00016243
1704,0.0033834,0.054286,-3.1598e-05
1705,0.0040011,0.060448,-9.2096e-06
1706,0.0046188,0.066434,-5.4782e-06
1707,0.0053301,0.072492,-0.00011742
1708,0.0058729,0.079009,-5.4782e-06
1709,0.006558,0.08553,1.691e-05
1710,0.0072505,0.092099,2.0642e-05
1711,0.007872,0.09896,-3.1598e-05
1712,0.0086656,0.10581,-0.00011742
1713,0.0091261,0.11277,-9.8763e-05
1714,0.0099646,0.11991,-2.7867e-05
1715,0.010863,0.12683,-9.13e-05
1716,0.011522,0.13396,-0.000151
1717,0.012319,0.14111,-3.5329e-05
1718,0.01293,0.14803,-3.1598e-05
1719,0.013708,0.15501,-9.13e-05
1720,0.014479,0.16164,-2.4135e-05
1721,0.015191,0.16827,-2.0404e-05
1722,0.015775,0.17494,-7.2643e-05
1723,0.016456,0.18106,-0.00012488
1724,0.017186,0.18695,-0.00020697
1725,0.017587,0.19259,-1.6672e-05
1726,0.018305,0.19796,6.915e-05
1727,0.01883,0.20325,-9.8763e-05
1728,0.019384,0.20815,0.00018109
1729,0.020177,0.21243,0.00031915
1730,0.02048,0.2163,0.00031915
1731,0.020903,0.22006,0.00043856
1732,0.021255,0.22333,0.00011766
1733,0.02151,0.22621,0.00015497
1734,0.021929,0.22902,0.00024826
1735,0.022038,0.23161,0.00011766
1736,0.022438,0.23409,0.00027438
1737,0.022715,0.23626,0.00017363
1738,0.022772,0.23838,0.00017736
1739,0.023329,0.24042,0.00019975
1740,0.023359,0.24215,0.00014751
1741,0.023513,0.24383,0.00028184
1742,0.02394,0.24548,0.00017736
1743,0.023913,0.24715,9.1538e-05
1744,0.024209,0.24847,0.00013631
1745,0.024467,0.24972,0.0001699
1746,0.024658,0.25103,0.00021467
1747,0.024782,0.25203,9.527e-05
1748,0.024774,0.25316,-1.7468e-06
1749,0.025055,0.25418,0.00015124
1750,0.025231,0.25493,7.2881e-05
1751,0.025358,0.25585,-5.4782e-06
1752,0.025531,0.25677,4.6761e-05
1753,0.025744,0.25763,-0.00011369
1754,0.025987,0.25876,1.691e-05
1755,0.02607,0.2597,7.6613e-05
1756,0.026283,0.26059,8.7807e-05
1757,0.026451,0.26169,0.00020348
1758,0.0265,0.26246,1.691e-05
1759,0.02686,0.26341,-0.00021071
1760,0.026987,0.26414,-0.00025175
1761,0.026878,0.26458,-0.00012861
1762,0.027208,0.26508,-5.4782e-06
1763,0.027316,0.26539,-1.7468e-06
1764,0.027226,0.26552,-0.00012115
1765,0.027294,0.26516,-8.3838e-05
1766,0.027223,0.26484,-1.7468e-06
1767,0.027462,0.26449,-8.3838e-05
1768,0.027522,0.26383,9.4474e-06
1769,0.027241,0.26305,0.00011766
1770,0.027219,0.26204,-7.2643e-05
1771,0.027058,0.26075,-5.0255e-05
1772,0.027047,0.25912,2.4373e-05
1773,0.026893,0.25731,-0.00012861
1774,0.026511,0.25512,1.9846e-06
1775,0.02641,0.25262,-5.0255e-05
1776,0.026028,0.25016,-0.00012861
1777,0.025778,0.24742,-0.00011742
1778,0.025624,0.2444,-0.00018459
1779,0.025111,0.24122,-1.2941e-05
1780,0.024677,0.23806,-0.00011742
1781,0.024363,0.23482,-0.00013981
1782,0.023988,0.2311,-0.00012115
1783,0.023524,0.22707,-0.00025175
1784,0.023097,0.22294,-0.00014354
1785,0.022573,0.21865,-0.00019578
1786,0.022105,0.21397,-0.00022563
1787,0.021626,0.2091,-0.00011369
1788,0.020993,0.20413,-0.0002219
1789,0.020488,0.19857,-0.00031145
1790,0.019885,0.19292,-0.00017339
1791,0.019125,0.18723,-0.00022563
1792,0.018478,0.18112,-0.0002816
1793,0.017942,0.17492,-0.00011369
1794,0.017268,0.16872,-0.00019205
1795,0.016595,0.16238,-0.00011742
1796,0.016063,0.15583,-0.00016593
1797,0.015254,0.14942,-0.00039354
1798,0.014438,0.14285,-0.00016966
1799,0.013746,0.13596,-0.00010623
1800,0.013057,0.12935,-0.00032265
1801,0.012458,0.12264,-0.00039727
1802,0.011773,0.11584,-0.00031892
1803,0.010998,0.10943,-0.00025548
1804,0.010122,0.10291,-0.0002928
1805,0.0095678,0.096348,-0.00031518
1806,0.0091261,0.09004,-0.00021817
1807,0.0084672,0.083848,-0.00018832
1808,0.0078383,0.077697,-0.00021071
1809,0.0071757,0.071588,-0.00022936
1810,0.0065393,0.065665,-0.00031892
1811,0.0058991,0.05976,-0.00028533
1812,0.0052702,0.054065,-0.00021817
1813,0.0047536,0.048322,-0.00021817
1814,0.004207,0.042395,-0.00033384
1815,0.0035107,0.036976,-0.00027787
1816,0.0029716,0.031446,-0.00031518
1817,0.0025261,0.026046,-0.00033757
1818,0.001886,0.020863,-6.8912e-05
1819,0.0014966,0.015497,-0.00033011
1820,0.0010848,0.010414,-0.00035623
1821,0.00046338,0.0051081,-0.00013608
1822,2.538e-05,-8.2483e-05,-0.00036742
1823,-0.0005736,-0.005359,-0.00043086
1824,-0.0010266,-0.010792,-0.0003413
1825,-0.0014309,-0.015987,-0.00027787
1826,-0.0020748,-0.021525,-0.00028906
1827,-0.0025727,-0.026801,-0.00022563
1828,-0.003123,-0.032175,-0.0002816
1829,-0.0036171,-0.037904,-0.00036742
1830,-0.0041562,-0.043431,-0.00028533
1831,-0.0047964,-0.048913,-0.00027414
1832,-0.0052905,-0.054638,-0.00033757
1833,-0.005751,-0.060807,-0.00042339
1834,-0.0063949,-0.066738,-0.00037116
1835,-0.0071024,-0.0729,-0.00026668
1836,-0.0075666,-0.079424,-0.00016593
1837,-0.0084015,-0.085829,-0.00032265
1838,-0.0091801,-0.092448,-0.00028906
1839,-0.0097604,-0.0992,-4.2792e-05
1840,-0.010618,-0.10631,-0.00021817
1841,-0.011108,-0.11313,-0.00021071
1842,-0.011864,-0.12003,-0.00020324
1843,-0.012796,-0.12738,-0.00018832
1844,-0.013388,-0.13424,-0.00013981
1845,-0.014103,-0.14119,-0.00035996
1846,-0.014736,-0.14829,-0.00021444
1847,-0.015447,-0.15519,-0.00013981
1848,-0.016199,-0.16194,-0.0002928
1849,-0.016914,-0.16846,-0.00026294
1850,-0.017809,-0.17476,-0.00030772
1851,-0.018232,-0.18102,-0.00023682
1852,-0.018666,-0.18698,-0.0002219
1853,-0.019599,-0.19251,-0.00018459
1854,-0.020033,-0.19766,-9.8763e-05
1855,-0.020415,-0.20256,-0.00031145
1856,-0.021242,-0.20754,-0.00051295
1857,-0.021751,-0.21187,-0.00065474
1858,-0.022073,-0.21561,-0.00062116
1859,-0.022552,-0.2192,-0.00068832
1860,-0.022927,-0.22243,-0.00069579
1861,-0.023215,-0.22548,-0.00040474
1862,-0.023638,-0.22828,-0.00039727
1863,-0.023881,-0.23087,-0.00042713
1864,-0.024125,-0.23318,-0.00040101
1865,-0.024443,-0.23551,-0.00049429
1866,-0.024578,-0.23776,-0.00051295
1867,-0.024896,-0.23965,-0.00042339
1868,-0.025158,-0.24153,-0.00036742
1869,-0.025356,-0.2433,-0.00030399
1870,-0.02551,-0.24503,-0.00020697
1871,-0.025645,-0.24661,-0.00030026
1872,-0.026056,-0.24783,-0.00040474
1873,-0.026202,-0.24921,-0.00041966
1874,-0.026262,-0.25053,-0.00040101
1875,-0.026573,-0.25166,-0.00048683
1876,-0.02673,-0.25281,-0.00042713
1877,-0.026779,-0.25356,-0.00013981
1878,-0.026996,-0.25428,-0.00027041
1879,-0.027206,-0.25531,-0.00039727
1880,-0.027292,-0.25608,-0.00032265
1881,-0.027475,-0.25698,-0.00027414
1882,-0.027707,-0.25803,-0.00022563
1883,-0.027947,-0.25898,-0.00019951
1884,-0.028007,-0.25996,-0.00019205
1885,-0.028033,-0.26083,-0.00035996
1886,-0.028317,-0.26197,-0.00027414
1887,-0.028508,-0.26289,-0.00017339
1888,-0.028643,-0.26342,-0.00030772
1889,-0.028699,-0.26387,-0.00023682
1890,-0.028748,-0.26411,-0.00027041
1891,-0.028946,-0.26449,-0.00038608
1892,-0.029032,-0.2646,-0.00025921
1893,-0.028935,-0.26445,-0.0001622
1894,-0.02895,-0.2643,-0.00024056
1895,-0.029096,-0.26386,-0.00022936
1896,-0.029006,-0.26322,-0.00023682
1897,-0.029051,-0.26236,-0.00021444
1898,-0.029006,-0.26149,-0.00018459
1899,-0.028748,-0.26016,-0.00030399
1900,-0.028711,-0.25848,-7.6375e-05
1901,-0.028475,-0.25685,-0.00017712
1902,-0.028224,-0.25457,-0.0003525
1903,-0.028018,-0.2522,-0.00014727
1904,-0.027737,-0.24989,-0.00013235
1905,-0.027587,-0.24709,-9.5032e-05
1906,-0.027213,-0.24435,-0.00026294
1907,-0.026801,-0.24154,-4.2792e-05
1908,-0.026509,-0.23838,-1.2941e-05
1909,-0.02609,-0.23507,-0.00021071
1910,-0.025742,-0.23153,9.9001e-05
1911,-0.025326,-0.22761,-1.6672e-05
1912,-0.02481,-0.22343,2.0642e-05
1913,-0.02436,-0.21912,-7.2643e-05
1914,-0.023915,-0.21443,-0.00014354
1915,-0.023338,-0.20951,0.00014751
1916,-0.022773,-0.20451,-0.00010996
1917,-0.022384,-0.19912,-9.5032e-05
1918,-0.02177,-0.19352,-3.1598e-05
1919,-0.021002,-0.1877,-0.00016593
1920,-0.0204,-0.18171,9.1538e-05
1921,-0.019733,-0.17566,2.8104e-05
1922,-0.019007,-0.16944,-0.00021817
1923,-0.018359,-0.16302,-0.00011742
1924,-0.017667,-0.15651,-0.00010996
1925,-0.016997,-0.15007,-5.3986e-05
1926,-0.016405,-0.14341,8.7807e-05
1927,-0.015713,-0.13672,-0.00010249
1928,-0.015016,-0.13024,-0.00012488
1929,-0.014301,-0.12375,-9.2096e-06
1930,-0.013541,-0.11723,-5.4782e-06
1931,-0.012916,-0.11071,9.1538e-05
1932,-0.012362,-0.10436,-4.2792e-05
1933,-0.011707,-0.098049,-3.1598e-05
1934,-0.011007,-0.091708,-1.7468e-06
1935,-0.010378,-0.085392,-0.00021817
1936,-0.0096743,-0.079264,-0.00013235
1937,-0.0090828,-0.073273,-0.00013981
1938,-0.0084689,-0.067227,-0.00013608
1939,-0.0078399,-0.061308,-8.7569e-05
1940,-0.0073944,-0.055329,-9.8763e-05
1941,-0.0067206,-0.049503,-5.7718e-05
1942,-0.0060243,-0.043901,-0.00012115
1943,-0.0053804,-0.038214,1.9846e-06
1944,-0.0049686,-0.032672,-3.1598e-05
1945,-0.0045905,-0.027287,3.9299e-05
1946,-0.0039803,-0.022022,0.00017363
1947,-0.0034375,-0.016771,-7.6375e-05
1948,-0.0029021,-0.011458,-7.2643e-05
1949,-0.0024716,-0.0063605,6.1687e-05
1950,-0.0019213,-0.0011512,-9.13e-05
1951,-0.001502,0.0042785,-0.00024802
1952,-0.0010116,0.009469,-5.3986e-05
1953,-0.00038267,0.014895,5.0493e-05
1954,-0.00015057,0.020411,-0.00011369
1955,0.00051954,0.025639,-0.0001622
1956,0.0012945,0.031083,-1.6672e-05
1957,0.0015865,0.036491,6.915e-05
1958,0.0021892,0.04195,-0.00014727
1959,0.0028555,0.047675,-0.00019205
1960,0.0033048,0.0534,5.4224e-05
1961,0.0039374,0.059413,2.0642e-05
1962,0.0046225,0.065571,-0.00013608
1963,0.0052065,0.071621,-6.8912e-05
1964,0.0058467,0.078041,5.716e-06
1965,0.0065355,0.084558,-5.4782e-06
1966,0.0071495,0.091031,-9.8763e-05
1967,0.0078271,0.097828,-0.00026294
1968,0.0085982,0.10454,-0.00011742
1969,0.0092421,0.11156,0.00010273
1970,0.0099384,0.1188,-8.3838e-05
1971,0.010691,0.12568,-0.00010623
1972,0.011387,0.13285,5.0493e-05
1973,0.01208,0.1401,1.9846e-06
1974,0.012697,0.14716,-0.00010249
1975,0.0136,0.1542,-0.00019578
1976,0.014528,0.16099,-0.00019205
1977,0.015,0.1675,-0.00011742
1978,0.015666,0.17389,-0.00013235
1979,0.016329,0.18014,-0.00015473
1980,0.016793,0.18602,9.4474e-06
1981,0.017515,0.19161,1.691e-05
1982,0.018088,0.19687,-8.3838e-05
1983,0.01868,0.20184,-1.6672e-05
1984,0.019327,0.20659,0.0001102
1985,0.019795,0.21082,0.00028184
1986,0.020275,0.21485,0.00023333
1987,0.020698,0.21856,0.00031169
1988,0.021064,0.2219,0.00035274
1989,0.021233,0.225,0.00025945
1990,0.021604,0.22789,0.00028184
1991,0.022027,0.23063,9.1538e-05
1992,0.022266,0.23305,0.00011766
1993,0.022618,0.23529,0.00017736
1994,0.022768,0.23757,0.00028184
1995,0.02315,0.23965,0.00030423
1996,0.023449,0.24149,5.7956e-05
1997,0.023502,0.24338,6.915e-05
1998,0.023779,0.24509,0.00010646
1999,0.023981,0.24673,0.00028557
